0.000000,0.000000,0.000000,0.000000,0.000000,0.000000,0.000000,0.000000,0.000000,0.000000,0.000000,0.000000,0.000000,0.000000,0.000000,0.000000,0.000000,0.000000,0.000000,0.000000,0.000000,0.000000,0.000000,0.000000,0.000000,0.000000,0.000000,0.000000,0.000000,0.000000,0.000000,0.000000,0.000000,0.000000,0.000000,0.000000,0.000000,0.000000,0.000000,0.000000,0.000000,0.000000,0.000000,0.000000,0.000000,0.000000,0.000000,0.000000,0.000000,0.000000,0.000004,0.000006,0.000010,0.000016,0.000026,0.000041,0.000064,0.000099,0.000153,0.000232,0.000349,0.000519,0.000765,0.001116,0.001612,0.002303,0.003259,0.004563,0.006325,0.008678,0.011786,0.015844,0.021083,0.027769,0.036206,0.046726,0.059690,0.075478,0.094472,0.117046,0.143542,0.174249,0.209378,0.249034,0.293196,0.341684,0.394149,0.450054,0.508672,0.569089,0.630219,0.690831,0.749585,0.805079,0.855905,0.900702,0.938222,0.967384,0.987327,0.997452
0.000000,0.000000,0.000000,0.000000,0.000000,0.000000,0.000001,0.000001,0.000001,0.000001,0.000001,0.000001,0.000002,0.000002,0.000002,0.000003,0.000003,0.000004,0.000004,0.000005,0.000006,0.000007,0.000007,0.000008,0.000009,0.000010,0.000011,0.000012,0.000013,0.000015,0.000016,0.000017,0.000017,0.000018,0.000019,0.000020,0.000020,0.000020,0.000020,0.000020,0.000020,0.000019,0.000018,0.000017,0.000015,0.000014,0.000012,0.000010,0.000007,0.000005,0.000000,0.000000,0.000000,0.000000,0.000000,0.000000,0.000000,0.000000,0.000000,0.000000,0.000000,0.000000,0.000000,0.000000,0.000000,0.000000,0.000000,0.000000,0.000000,0.000000,0.000000,0.000000,0.000000,0.000000,0.000000,0.000000,0.000000,0.000000,0.000000,0.000000,0.000000,0.000000,0.000000,0.000000,0.000000,0.000000,0.000000,0.000000,0.000000,0.000000,0.000000,0.000000,0.000000,0.000000,0.000000,0.000000,0.000000,0.000000,0.000000,0.000000
0.000000,0.000000,0.000001,0.000003,0.000005,0.000006,0.000008,0.000011,0.000013,0.000016,0.000020,0.000024,0.000028,0.000033,0.000039,0.000046,0.000054,0.000062,0.000072,0.000082,0.000093,0.000106,0.000119,0.000134,0.000149,0.000165,0.000182,0.000199,0.000216,0.000233,0.000250,0.000265,0.000280,0.000294,0.000305,0.000314,0.000321,0.000324,0.000324,0.000321,0.000313,0.000302,0.000287,0.000267,0.000244,0.000217,0.000186,0.000153,0.000117,0.000079,0.000000,0.000000,0.000000,0.000000,0.000000,0.000000,0.000000,0.000000,0.000000,0.000000,0.000000,0.000000,0.000000,0.000000,0.000000,0.000000,0.000000,0.000000,0.000000,0.000000,0.000000,0.000000,0.000000,0.000000,0.000000,0.000000,0.000000,0.000000,0.000000,0.000000,0.000000,0.000000,0.000000,0.000000,0.000000,0.000000,0.000000,0.000000,0.000000,0.000000,0.000000,0.000000,0.000000,0.000000,0.000000,0.000000,0.000000,0.000000,0.000000,0.000000
0.000000,0.000000,0.000003,0.000006,0.000009,0.000013,0.000017,0.000022,0.000027,0.000033,0.000040,0.000048,0.000057,0.000068,0.000080,0.000094,0.000109,0.000126,0.000146,0.000167,0.000190,0.000216,0.000243,0.000272,0.000303,0.000336,0.000370,0.000404,0.000439,0.000474,0.000508,0.000540,0.000570,0.000597,0.000621,0.000639,0.000653,0.000660,0.000660,0.000653,0.000638,0.000615,0.000583,0.000544,0.000496,0.000441,0.000379,0.000311,0.000238,0.000161,0.000000,0.000000,0.000000,0.000000,0.000000,0.000000,0.000000,0.000000,0.000000,0.000000,0.000000,0.000000,0.000000,0.000000,0.000000,0.000000,0.000000,0.000000,0.000000,0.000000,0.000000,0.000000,0.000000,0.000000,0.000000,0.000000,0.000000,0.000000,0.000000,0.000000,0.000000,0.000000,0.000000,0.000000,0.000000,0.000000,0.000000,0.000000,0.000000,0.000000,0.000000,0.000000,0.000000,0.000000,0.000000,0.000000,0.000000,0.000000,0.000000,0.000000
0.000000,0.000000,0.000005,0.000009,0.000014,0.000020,0.000026,0.000033,0.000041,0.000051,0.000062,0.000074,0.000088,0.000105,0.000123,0.000144,0.000168,0.000195,0.000225,0.000258,0.000294,0.000333,0.000375,0.000420,0.000468,0.000518,0.000571,0.000624,0.000678,0.000731,0.000784,0.000834,0.000880,0.000922,0.000958,0.000987,0.001007,0.001018,0.001019,0.001007,0.000984,0.000949,0.000900,0.000839,0.000765,0.000680,0.000585,0.000480,0.000367,0.000248,0.000000,0.000000,0.000000,0.000000,0.000000,0.000000,0.000000,0.000000,0.000000,0.000000,0.000000,0.000000,0.000000,0.000000,0.000000,0.000000,0.000000,0.000000,0.000000,0.000000,0.000000,0.000000,0.000000,0.000000,0.000000,0.000000,0.000000,0.000000,0.000000,0.000000,0.000000,0.000000,0.000000,0.000000,0.000000,0.000000,0.000000,0.000000,0.000000,0.000000,0.000000,0.000000,0.000000,0.000000,0.000000,0.000000,0.000000,0.000000,0.000000,0.000000
0.000000,0.000000,0.000006,0.000013,0.000020,0.000028,0.000036,0.000046,0.000057,0.000070,0.000085,0.000103,0.000122,0.000145,0.000171,0.000200,0.000233,0.000270,0.000311,0.000357,0.000407,0.000461,0.000520,0.000583,0.000649,0.000719,0.000791,0.000865,0.000939,0.001014,0.001086,0.001155,0.001220,0.001278,0.001328,0.001368,0.001396,0.001411,0.001412,0.001396,0.001364,0.001315,0.001247,0.001163,0.001061,0.000943,0.000810,0.000665,0.000509,0.000344,0.000000,0.000000,0.000000,0.000000,0.000000,0.000000,0.000000,0.000000,0.000000,0.000000,0.000000,0.000000,0.000000,0.000000,0.000000,0.000000,0.000000,0.000000,0.000000,0.000000,0.000000,0.000000,0.000000,0.000000,0.000000,0.000000,0.000000,0.000000,0.000000,0.000000,0.000000,0.000000,0.000000,0.000000,0.000000,0.000000,0.000000,0.000000,0.000000,0.000000,0.000000,0.000000,0.000000,0.000000,0.000000,0.000000,0.000000,0.000000,0.000000,0.000000
0.000000,0.000001,0.000008,0.000017,0.000026,0.000036,0.000048,0.000061,0.000075,0.000092,0.000112,0.000135,0.000161,0.000190,0.000224,0.000263,0.000306,0.000354,0.000408,0.000468,0.000534,0.000605,0.000682,0.000764,0.000851,0.000943,0.001037,0.001134,0.001232,0.001329,0.001425,0.001515,0.001600,0.001676,0.001741,0.001794,0.001831,0.001851,0.001851,0.001831,0.001789,0.001724,0.001636,0.001525,0.001391,0.001237,0.001063,0.000872,0.000667,0.000451,0.000000,0.000000,0.000000,0.000000,0.000000,0.000000,0.000000,0.000000,0.000000,0.000000,0.000000,0.000000,0.000000,0.000000,0.000000,0.000000,0.000000,0.000000,0.000000,0.000000,0.000000,0.000000,0.000000,0.000000,0.000000,0.000000,0.000000,0.000000,0.000000,0.000000,0.000000,0.000000,0.000000,0.000000,0.000000,0.000000,0.000000,0.000000,0.000000,0.000000,0.000000,0.000000,0.000000,0.000000,0.000000,0.000000,0.000000,0.000000,0.000000,0.000000
0.000000,0.000001,0.000011,0.000022,0.000033,0.000046,0.000061,0.000077,0.000096,0.000117,0.000142,0.000171,0.000204,0.000242,0.000285,0.000333,0.000388,0.000450,0.000519,0.000594,0.000678,0.000768,0.000866,0.000970,0.001081,0.001197,0.001317,0.001440,0.001564,0.001688,0.001809,0.001924,0.002031,0.002128,0.002211,0.002277,0.002324,0.002349,0.002350,0.002325,0.002271,0.002189,0.002077,0.001936,0.001766,0.001570,0.001349,0.001107,0.000847,0.000572,0.000000,0.000000,0.000000,0.000000,0.000000,0.000000,0.000000,0.000000,0.000000,0.000000,0.000000,0.000000,0.000000,0.000000,0.000000,0.000000,0.000000,0.000000,0.000000,0.000000,0.000000,0.000000,0.000000,0.000000,0.000000,0.000000,0.000000,0.000000,0.000000,0.000000,0.000000,0.000000,0.000000,0.000000,0.000000,0.000000,0.000000,0.000000,0.000000,0.000000,0.000000,0.000000,0.000000,0.000000,0.000000,0.000000,0.000000,0.000000,0.000000,0.000000
0.000000,0.000001,0.000013,0.000027,0.000041,0.000057,0.000075,0.000096,0.000119,0.000146,0.000177,0.000212,0.000253,0.000300,0.000354,0.000414,0.000483,0.000559,0.000645,0.000739,0.000842,0.000955,0.001076,0.001206,0.001344,0.001488,0.001637,0.001790,0.001945,0.002098,0.002248,0.002392,0.002525,0.002645,0.002748,0.002831,0.002889,0.002921,0.002922,0.002890,0.002824,0.002721,0.002582,0.002406,0.002196,0.001952,0.001677,0.001376,0.001053,0.000712,0.000000,0.000000,0.000000,0.000000,0.000000,0.000000,0.000000,0.000000,0.000000,0.000000,0.000000,0.000000,0.000000,0.000000,0.000000,0.000000,0.000000,0.000000,0.000000,0.000000,0.000000,0.000000,0.000000,0.000000,0.000000,0.000000,0.000000,0.000000,0.000000,0.000000,0.000000,0.000000,0.000000,0.000000,0.000000,0.000000,0.000000,0.000000,0.000000,0.000000,0.000000,0.000000,0.000000,0.000000,0.000000,0.000000,0.000000,0.000000,0.000000,0.000000
0.000000,0.000001,0.000016,0.000033,0.000051,0.000070,0.000092,0.000117,0.000146,0.000179,0.000217,0.000260,0.000310,0.000368,0.000434,0.000508,0.000592,0.000685,0.000790,0.000905,0.001032,0.001170,0.001319,0.001478,0.001646,0.001823,0.002006,0.002193,0.002383,0.002571,0.002755,0.002930,0.003094,0.003241,0.003367,0.003468,0.003540,0.003578,0.003579,0.003540,0.003459,0.003333,0.003163,0.002948,0.002690,0.002391,0.002055,0.001686,0.001289,0.000872,0.000000,0.000000,0.000000,0.000000,0.000000,0.000000,0.000000,0.000000,0.000000,0.000000,0.000000,0.000000,0.000000,0.000000,0.000000,0.000000,0.000000,0.000000,0.000000,0.000000,0.000000,0.000000,0.000000,0.000000,0.000000,0.000000,0.000000,0.000000,0.000000,0.000000,0.000000,0.000000,0.000000,0.000000,0.000000,0.000000,0.000000,0.000000,0.000000,0.000000,0.000000,0.000000,0.000000,0.000000,0.000000,0.000000,0.000000,0.000000,0.000000,0.000000
0.000000,0.000001,0.000020,0.000040,0.000062,0.000085,0.000112,0.000142,0.000177,0.000217,0.000263,0.000315,0.000376,0.000446,0.000525,0.000615,0.000717,0.000831,0.000957,0.001097,0.001251,0.001418,0.001598,0.001791,0.001995,0.002209,0.002431,0.002658,0.002887,0.003115,0.003338,0.003551,0.003749,0.003927,0.004080,0.004202,0.004289,0.004336,0.004337,0.004290,0.004191,0.004039,0.003833,0.003572,0.003259,0.002897,0.002490,0.002043,0.001562,0.001056,0.000000,0.000000,0.000000,0.000000,0.000000,0.000000,0.000000,0.000000,0.000000,0.000000,0.000000,0.000000,0.000000,0.000000,0.000000,0.000000,0.000000,0.000000,0.000000,0.000000,0.000000,0.000000,0.000000,0.000000,0.000000,0.000000,0.000000,0.000000,0.000000,0.000000,0.000000,0.000000,0.000000,0.000000,0.000000,0.000000,0.000000,0.000000,0.000000,0.000000,0.000000,0.000000,0.000000,0.000000,0.000000,0.000000,0.000000,0.000000,0.000000,0.000000
0.000000,0.000001,0.000024,0.000048,0.000074,0.000103,0.000135,0.000171,0.000212,0.000260,0.000315,0.000379,0.000452,0.000536,0.000631,0.000739,0.000861,0.000998,0.001150,0.001318,0.001503,0.001703,0.001920,0.002151,0.002397,0.002654,0.002920,0.003193,0.003469,0.003742,0.004010,0.004265,0.004503,0.004717,0.004901,0.005048,0.005153,0.005208,0.005210,0.005153,0.005035,0.004852,0.004604,0.004291,0.003915,0.003480,0.002991,0.002454,0.001877,0.001269,0.000000,0.000000,0.000000,0.000000,0.000000,0.000000,0.000000,0.000000,0.000000,0.000000,0.000000,0.000000,0.000000,0.000000,0.000000,0.000000,0.000000,0.000000,0.000000,0.000000,0.000000,0.000000,0.000000,0.000000,0.000000,0.000000,0.000000,0.000000,0.000000,0.000000,0.000000,0.000000,0.000000,0.000000,0.000000,0.000000,0.000000,0.000000,0.000000,0.000000,0.000000,0.000000,0.000000,0.000000,0.000000,0.000000,0.000000,0.000000,0.000000,0.000000
0.000000,0.000002,0.000028,0.000057,0.000088,0.000122,0.000161,0.000204,0.000253,0.000310,0.000376,0.000452,0.000539,0.000639,0.000753,0.000882,0.001027,0.001191,0.001372,0.001572,0.001792,0.002032,0.002290,0.002566,0.002858,0.003165,0.003483,0.003808,0.004137,0.004463,0.004782,0.005087,0.005371,0.005626,0.005845,0.006020,0.006145,0.006211,0.006213,0.006146,0.006004,0.005786,0.005490,0.005117,0.004669,0.004150,0.003566,0.002926,0.002238,0.001513,0.000000,0.000000,0.000000,0.000000,0.000000,0.000000,0.000000,0.000000,0.000000,0.000000,0.000000,0.000000,0.000000,0.000000,0.000000,0.000000,0.000000,0.000000,0.000000,0.000000,0.000000,0.000000,0.000000,0.000000,0.000000,0.000000,0.000000,0.000000,0.000000,0.000000,0.000000,0.000000,0.000000,0.000000,0.000000,0.000000,0.000000,0.000000,0.000000,0.000000,0.000000,0.000000,0.000000,0.000000,0.000000,0.000000,0.000000,0.000000,0.000000,0.000000
0.000000,0.000002,0.000033,0.000068,0.000105,0.000145,0.000190,0.000242,0.000300,0.000368,0.000446,0.000536,0.000639,0.000757,0.000892,0.001045,0.001218,0.001411,0.001626,0.001863,0.002124,0.002407,0.002713,0.003040,0.003387,0.003750,0.004127,0.004512,0.004902,0.005289,0.005666,0.006027,0.006363,0.006666,0.006925,0.007133,0.007281,0.007359,0.007362,0.007281,0.007114,0.006855,0.006505,0.006063,0.005532,0.004917,0.004225,0.003467,0.002652,0.001793,0.000000,0.000000,0.000000,0.000000,0.000000,0.000000,0.000000,0.000000,0.000000,0.000000,0.000000,0.000000,0.000000,0.000000,0.000000,0.000000,0.000000,0.000000,0.000000,0.000000,0.000000,0.000000,0.000000,0.000000,0.000000,0.000000,0.000000,0.000000,0.000000,0.000000,0.000000,0.000000,0.000000,0.000000,0.000000,0.000000,0.000000,0.000000,0.000000,0.000000,0.000000,0.000000,0.000000,0.000000,0.000000,0.000000,0.000000,0.000000,0.000000,0.000000
0.000000,0.000002,0.000039,0.000080,0.000123,0.000171,0.000224,0.000285,0.000354,0.000434,0.000525,0.000631,0.000753,0.000892,0.001051,0.001231,0.001434,0.001662,0.001915,0.002195,0.002502,0.002836,0.003196,0.003581,0.003990,0.004417,0.004861,0.005315,0.005773,0.006229,0.006674,0.007099,0.007495,0.007851,0.008157,0.008402,0.008575,0.008668,0.008670,0.008576,0.008379,0.008074,0.007661,0.007140,0.006515,0.005791,0.004977,0.004083,0.003123,0.002111,0.000000,0.000000,0.000000,0.000000,0.000000,0.000000,0.000000,0.000000,0.000000,0.000000,0.000000,0.000000,0.000000,0.000000,0.000000,0.000000,0.000000,0.000000,0.000000,0.000000,0.000000,0.000000,0.000000,0.000000,0.000000,0.000000,0.000000,0.000000,0.000000,0.000000,0.000000,0.000000,0.000000,0.000000,0.000000,0.000000,0.000000,0.000000,0.000000,0.000000,0.000000,0.000000,0.000000,0.000000,0.000000,0.000000,0.000000,0.000000,0.000000,0.000000
0.000000,0.000003,0.000046,0.000094,0.000144,0.000200,0.000263,0.000333,0.000414,0.000508,0.000615,0.000739,0.000882,0.001045,0.001231,0.001442,0.001680,0.001947,0.002243,0.002571,0.002930,0.003321,0.003743,0.004195,0.004673,0.005174,0.005693,0.006225,0.006762,0.007296,0.007817,0.008315,0.008778,0.009195,0.009553,0.009840,0.010043,0.010151,0.010154,0.010044,0.009812,0.009456,0.008972,0.008362,0.007630,0.006782,0.005828,0.004782,0.003657,0.002473,0.000000,0.000000,0.000000,0.000000,0.000000,0.000000,0.000000,0.000000,0.000000,0.000000,0.000000,0.000000,0.000000,0.000000,0.000000,0.000000,0.000000,0.000000,0.000000,0.000000,0.000000,0.000000,0.000000,0.000000,0.000000,0.000000,0.000000,0.000000,0.000000,0.000000,0.000000,0.000000,0.000000,0.000000,0.000000,0.000000,0.000000,0.000000,0.000000,0.000000,0.000000,0.000000,0.000000,0.000000,0.000000,0.000000,0.000000,0.000000,0.000000,0.000000
0.000000,0.000003,0.000054,0.000109,0.000168,0.000233,0.000306,0.000388,0.000483,0.000592,0.000717,0.000861,0.001027,0.001218,0.001434,0.001680,0.001957,0.002268,0.002613,0.002995,0.003414,0.003869,0.004361,0.004886,0.005443,0.006027,0.006631,0.007251,0.007876,0.008498,0.009105,0.009685,0.010224,0.010710,0.011127,0.011460,0.011697,0.011823,0.011827,0.011698,0.011428,0.011013,0.010450,0.009739,0.008886,0.007899,0.006788,0.005569,0.004259,0.002880,0.000000,0.000000,0.000000,0.000000,0.000000,0.000000,0.000000,0.000000,0.000000,0.000000,0.000000,0.000000,0.000000,0.000000,0.000000,0.000000,0.000000,0.000000,0.000000,0.000000,0.000000,0.000000,0.000000,0.000000,0.000000,0.000000,0.000000,0.000000,0.000000,0.000000,0.000000,0.000000,0.000000,0.000000,0.000000,0.000000,0.000000,0.000000,0.000000,0.000000,0.000000,0.000000,0.000000,0.000000,0.000000,0.000000,0.000000,0.000000,0.000000,0.000000
0.000000,0.000004,0.000062,0.000126,0.000195,0.000270,0.000354,0.000450,0.000559,0.000685,0.000831,0.000998,0.001191,0.001411,0.001662,0.001947,0.002268,0.002627,0.003027,0.003470,0.003955,0.004483,0.005052,0.005661,0.006306,0.006982,0.007683,0.008400,0.009124,0.009844,0.010547,0.011219,0.011844,0.012407,0.012889,0.013276,0.013550,0.013696,0.013700,0.013551,0.013239,0.012757,0.012105,0.011282,0.010293,0.009149,0.007863,0.006451,0.004934,0.003336,0.000000,0.000000,0.000000,0.000000,0.000000,0.000000,0.000000,0.000000,0.000000,0.000000,0.000000,0.000000,0.000000,0.000000,0.000000,0.000000,0.000000,0.000000,0.000000,0.000000,0.000000,0.000000,0.000000,0.000000,0.000000,0.000000,0.000000,0.000000,0.000000,0.000000,0.000000,0.000000,0.000000,0.000000,0.000000,0.000000,0.000000,0.000000,0.000000,0.000000,0.000000,0.000000,0.000000,0.000000,0.000000,0.000000,0.000000,0.000000,0.000000,0.000000
0.000000,0.000004,0.000072,0.000146,0.000225,0.000311,0.000408,0.000519,0.000645,0.000790,0.000957,0.001150,0.001372,0.001626,0.001915,0.002243,0.002613,0.003027,0.003489,0.003998,0.004557,0.005165,0.005821,0.006523,0.007266,0.008045,0.008852,0.009679,0.010513,0.011343,0.012153,0.012927,0.013647,0.014295,0.014851,0.015296,0.015612,0.015780,0.015785,0.015612,0.015253,0.014698,0.013946,0.012998,0.011859,0.010541,0.009059,0.007432,0.005685,0.003843,0.000000,0.000000,0.000000,0.000000,0.000000,0.000000,0.000000,0.000000,0.000000,0.000000,0.000000,0.000000,0.000000,0.000000,0.000000,0.000000,0.000000,0.000000,0.000000,0.000000,0.000000,0.000000,0.000000,0.000000,0.000000,0.000000,0.000000,0.000000,0.000000,0.000000,0.000000,0.000000,0.000000,0.000000,0.000000,0.000000,0.000000,0.000000,0.000000,0.000000,0.000000,0.000000,0.000000,0.000000,0.000000,0.000000,0.000000,0.000000,0.000000,0.000000
0.000000,0.000005,0.000082,0.000167,0.000258,0.000357,0.000468,0.000594,0.000739,0.000905,0.001097,0.001318,0.001572,0.001863,0.002195,0.002571,0.002995,0.003470,0.003998,0.004582,0.005223,0.005919,0.006671,0.007475,0.008327,0.009219,0.010144,0.011092,0.012048,0.012998,0.013927,0.014813,0.015638,0.016381,0.017018,0.017528,0.017890,0.018082,0.018087,0.017890,0.017478,0.016842,0.015981,0.014894,0.013589,0.012079,0.010380,0.008516,0.006514,0.004404,0.000000,0.000000,0.000000,0.000000,0.000000,0.000000,0.000000,0.000000,0.000000,0.000000,0.000000,0.000000,0.000000,0.000000,0.000000,0.000000,0.000000,0.000000,0.000000,0.000000,0.000000,0.000000,0.000000,0.000000,0.000000,0.000000,0.000000,0.000000,0.000000,0.000000,0.000000,0.000000,0.000000,0.000000,0.000000,0.000000,0.000000,0.000000,0.000000,0.000000,0.000000,0.000000,0.000000,0.000000,0.000000,0.000000,0.000000,0.000000,0.000000,0.000000
0.000000,0.000006,0.000093,0.000190,0.000294,0.000407,0.000534,0.000678,0.000842,0.001032,0.001251,0.001503,0.001792,0.002124,0.002502,0.002930,0.003414,0.003955,0.004557,0.005223,0.005953,0.006747,0.007604,0.008520,0.009490,0.010507,0.011562,0.012641,0.013731,0.014814,0.015872,0.016882,0.017822,0.018668,0.019394,0.019975,0.020387,0.020607,0.020613,0.020388,0.019918,0.019193,0.018211,0.016973,0.015486,0.013765,0.011829,0.009705,0.007423,0.005018,0.000000,0.000000,0.000000,0.000000,0.000000,0.000000,0.000000,0.000000,0.000000,0.000000,0.000000,0.000000,0.000000,0.000000,0.000000,0.000000,0.000000,0.000000,0.000000,0.000000,0.000000,0.000000,0.000000,0.000000,0.000000,0.000000,0.000000,0.000000,0.000000,0.000000,0.000000,0.000000,0.000000,0.000000,0.000000,0.000000,0.000000,0.000000,0.000000,0.000000,0.000000,0.000000,0.000000,0.000000,0.000000,0.000000,0.000000,0.000000,0.000000,0.000000
0.000000,0.000007,0.000106,0.000216,0.000333,0.000461,0.000605,0.000768,0.000955,0.001170,0.001418,0.001703,0.002032,0.002407,0.002836,0.003321,0.003869,0.004483,0.005165,0.005919,0.006747,0.007647,0.008618,0.009656,0.010756,0.011909,0.013103,0.014327,0.015562,0.016789,0.017988,0.019133,0.020198,0.021157,0.021979,0.022638,0.023104,0.023353,0.023360,0.023104,0.022572,0.021751,0.020638,0.019234,0.017549,0.015599,0.013405,0.010998,0.008412,0.005687,0.000000,0.000000,0.000000,0.000000,0.000000,0.000000,0.000000,0.000000,0.000000,0.000000,0.000000,0.000000,0.000000,0.000000,0.000000,0.000000,0.000000,0.000000,0.000000,0.000000,0.000000,0.000000,0.000000,0.000000,0.000000,0.000000,0.000000,0.000000,0.000000,0.000000,0.000000,0.000000,0.000000,0.000000,0.000000,0.000000,0.000000,0.000000,0.000000,0.000000,0.000000,0.000000,0.000000,0.000000,0.000000,0.000000,0.000000,0.000000,0.000000,0.000000
0.000000,0.000007,0.000119,0.000243,0.000375,0.000520,0.000682,0.000866,0.001076,0.001319,0.001598,0.001920,0.002290,0.002713,0.003196,0.003743,0.004361,0.005052,0.005821,0.006671,0.007604,0.008618,0.009712,0.010882,0.012122,0.013421,0.014767,0.016145,0.017537,0.018920,0.020271,0.021561,0.022761,0.023841,0.024768,0.025510,0.026036,0.026316,0.026323,0.026035,0.025435,0.024510,0.023256,0.021674,0.019775,0.017577,0.015105,0.012393,0.009479,0.006408,0.000000,0.000000,0.000000,0.000000,0.000000,0.000000,0.000000,0.000000,0.000000,0.000000,0.000000,0.000000,0.000000,0.000000,0.000000,0.000000,0.000000,0.000000,0.000000,0.000000,0.000000,0.000000,0.000000,0.000000,0.000000,0.000000,0.000000,0.000000,0.000000,0.000000,0.000000,0.000000,0.000000,0.000000,0.000000,0.000000,0.000000,0.000000,0.000000,0.000000,0.000000,0.000000,0.000000,0.000000,0.000000,0.000000,0.000000,0.000000,0.000000,0.000000
0.000000,0.000008,0.000134,0.000272,0.000420,0.000583,0.000764,0.000970,0.001206,0.001478,0.001791,0.002151,0.002566,0.003040,0.003581,0.004195,0.004886,0.005661,0.006523,0.007475,0.008520,0.009656,0.010882,0.012193,0.013582,0.015037,0.016546,0.018090,0.019649,0.021199,0.022711,0.024157,0.025502,0.026711,0.027750,0.028581,0.029170,0.029483,0.029491,0.029169,0.028496,0.027460,0.026054,0.024282,0.022155,0.019692,0.016923,0.013884,0.010619,0.007179,0.000000,0.000000,0.000000,0.000000,0.000000,0.000000,0.000000,0.000000,0.000000,0.000000,0.000000,0.000000,0.000000,0.000000,0.000000,0.000000,0.000000,0.000000,0.000000,0.000000,0.000000,0.000000,0.000000,0.000000,0.000000,0.000000,0.000000,0.000000,0.000000,0.000000,0.000000,0.000000,0.000000,0.000000,0.000000,0.000000,0.000000,0.000000,0.000000,0.000000,0.000000,0.000000,0.000000,0.000000,0.000000,0.000000,0.000000,0.000000,0.000000,0.000000
0.000000,0.000009,0.000149,0.000303,0.000468,0.000649,0.000851,0.001081,0.001344,0.001646,0.001995,0.002397,0.002858,0.003387,0.003990,0.004673,0.005443,0.006306,0.007266,0.008327,0.009490,0.010756,0.012122,0.013582,0.015128,0.016749,0.018429,0.020149,0.021885,0.023611,0.025296,0.026906,0.028404,0.029751,0.030907,0.031833,0.032489,0.032837,0.032846,0.032487,0.031738,0.030583,0.029018,0.027044,0.024675,0.021932,0.018848,0.015463,0.011827,0.007996,0.000000,0.000000,0.000000,0.000000,0.000000,0.000000,0.000000,0.000000,0.000000,0.000000,0.000000,0.000000,0.000000,0.000000,0.000000,0.000000,0.000000,0.000000,0.000000,0.000000,0.000000,0.000000,0.000000,0.000000,0.000000,0.000000,0.000000,0.000000,0.000000,0.000000,0.000000,0.000000,0.000000,0.000000,0.000000,0.000000,0.000000,0.000000,0.000000,0.000000,0.000000,0.000000,0.000000,0.000000,0.000000,0.000000,0.000000,0.000000,0.000000,0.000000
0.000000,0.000010,0.000165,0.000336,0.000518,0.000719,0.000943,0.001197,0.001488,0.001823,0.002209,0.002654,0.003165,0.003750,0.004417,0.005174,0.006027,0.006982,0.008045,0.009219,0.010507,0.011909,0.013421,0.015037,0.016749,0.018544,0.020403,0.022307,0.024230,0.026140,0.028005,0.029787,0.031445,0.032937,0.034217,0.035241,0.035967,0.036353,0.036363,0.035965,0.035135,0.033857,0.032124,0.029939,0.027316,0.024279,0.020865,0.017118,0.013093,0.008852,0.000000,0.000000,0.000000,0.000000,0.000000,0.000000,0.000000,0.000000,0.000000,0.000000,0.000000,0.000000,0.000000,0.000000,0.000000,0.000000,0.000000,0.000000,0.000000,0.000000,0.000000,0.000000,0.000000,0.000000,0.000000,0.000000,0.000000,0.000000,0.000000,0.000000,0.000000,0.000000,0.000000,0.000000,0.000000,0.000000,0.000000,0.000000,0.000000,0.000000,0.000000,0.000000,0.000000,0.000000,0.000000,0.000000,0.000000,0.000000,0.000000,0.000000
0.000000,0.000011,0.000182,0.000370,0.000571,0.000791,0.001037,0.001317,0.001637,0.002006,0.002431,0.002920,0.003483,0.004127,0.004861,0.005693,0.006631,0.007683,0.008852,0.010144,0.011562,0.013103,0.014767,0.016546,0.018429,0.020403,0.022450,0.024544,0.026659,0.028761,0.030813,0.032774,0.034598,0.036238,0.037646,0.038773,0.039571,0.039996,0.040006,0.039568,0.038655,0.037249,0.035342,0.032938,0.030052,0.026712,0.022955,0.018833,0.014404,0.009738,0.000000,0.000000,0.000000,0.000000,0.000000,0.000000,0.000000,0.000000,0.000000,0.000000,0.000000,0.000000,0.000000,0.000000,0.000000,0.000000,0.000000,0.000000,0.000000,0.000000,0.000000,0.000000,0.000000,0.000000,0.000000,0.000000,0.000000,0.000000,0.000000,0.000000,0.000000,0.000000,0.000000,0.000000,0.000000,0.000000,0.000000,0.000000,0.000000,0.000000,0.000000,0.000000,0.000000,0.000000,0.000000,0.000000,0.000000,0.000000,0.000000,0.000000
0.000000,0.000012,0.000199,0.000404,0.000624,0.000865,0.001134,0.001440,0.001790,0.002193,0.002658,0.003193,0.003808,0.004512,0.005315,0.006225,0.007251,0.008400,0.009679,0.011092,0.012641,0.014327,0.016145,0.018090,0.020149,0.022307,0.024544,0.026834,0.029146,0.031444,0.033687,0.035830,0.037824,0.039617,0.041157,0.042389,0.043261,0.043725,0.043736,0.043257,0.042259,0.040721,0.038637,0.036008,0.032853,0.029201,0.025094,0.020588,0.015747,0.010646,0.000000,0.000000,0.000000,0.000000,0.000000,0.000000,0.000000,0.000000,0.000000,0.000000,0.000000,0.000000,0.000000,0.000000,0.000000,0.000000,0.000000,0.000000,0.000000,0.000000,0.000000,0.000000,0.000000,0.000000,0.000000,0.000000,0.000000,0.000000,0.000000,0.000000,0.000000,0.000000,0.000000,0.000000,0.000000,0.000000,0.000000,0.000000,0.000000,0.000000,0.000000,0.000000,0.000000,0.000000,0.000000,0.000000,0.000000,0.000000,0.000000,0.000000
0.000000,0.000013,0.000216,0.000439,0.000678,0.000939,0.001232,0.001564,0.001945,0.002383,0.002887,0.003469,0.004137,0.004902,0.005773,0.006762,0.007876,0.009124,0.010513,0.012048,0.013731,0.015562,0.017537,0.019649,0.021885,0.024230,0.026659,0.029146,0.031657,0.034153,0.036589,0.038916,0.041082,0.043029,0.044701,0.046038,0.046986,0.047489,0.047501,0.046981,0.045896,0.044226,0.041962,0.039108,0.035681,0.031714,0.027254,0.022359,0.017102,0.011562,0.000000,0.000000,0.000000,0.000000,0.000000,0.000000,0.000000,0.000000,0.000000,0.000000,0.000000,0.000000,0.000000,0.000000,0.000000,0.000000,0.000000,0.000000,0.000000,0.000000,0.000000,0.000000,0.000000,0.000000,0.000000,0.000000,0.000000,0.000000,0.000000,0.000000,0.000000,0.000000,0.000000,0.000000,0.000000,0.000000,0.000000,0.000000,0.000000,0.000000,0.000000,0.000000,0.000000,0.000000,0.000000,0.000000,0.000000,0.000000,0.000000,0.000000
0.000000,0.000015,0.000233,0.000474,0.000731,0.001014,0.001329,0.001688,0.002098,0.002571,0.003115,0.003742,0.004463,0.005289,0.006229,0.007296,0.008498,0.009844,0.011343,0.012998,0.014814,0.016789,0.018920,0.021199,0.023611,0.026140,0.028761,0.031444,0.034153,0.036845,0.039473,0.041984,0.044319,0.046420,0.048223,0.049666,0.050688,0.051231,0.051243,0.050682,0.049512,0.047710,0.045267,0.042188,0.038491,0.034212,0.029400,0.024120,0.018448,0.012473,0.000000,0.000000,0.000000,0.000000,0.000000,0.000000,0.000000,0.000000,0.000000,0.000000,0.000000,0.000000,0.000000,0.000000,0.000000,0.000000,0.000000,0.000000,0.000000,0.000000,0.000000,0.000000,0.000000,0.000000,0.000000,0.000000,0.000000,0.000000,0.000000,0.000000,0.000000,0.000000,0.000000,0.000000,0.000000,0.000000,0.000000,0.000000,0.000000,0.000000,0.000000,0.000000,0.000000,0.000000,0.000000,0.000000,0.000000,0.000000,0.000000,0.000000
0.000000,0.000016,0.000250,0.000508,0.000784,0.001086,0.001425,0.001809,0.002248,0.002755,0.003338,0.004010,0.004782,0.005666,0.006674,0.007817,0.009105,0.010547,0.012153,0.013927,0.015872,0.017988,0.020271,0.022711,0.025296,0.028005,0.030813,0.033687,0.036589,0.039473,0.042288,0.044977,0.047480,0.049730,0.051661,0.053207,0.054301,0.054882,0.054896,0.054294,0.053040,0.051110,0.048493,0.045194,0.041234,0.036650,0.031495,0.025839,0.019763,0.013361,0.000000,0.000000,0.000000,0.000000,0.000000,0.000000,0.000000,0.000000,0.000000,0.000000,0.000000,0.000000,0.000000,0.000000,0.000000,0.000000,0.000000,0.000000,0.000000,0.000000,0.000000,0.000000,0.000000,0.000000,0.000000,0.000000,0.000000,0.000000,0.000000,0.000000,0.000000,0.000000,0.000000,0.000000,0.000000,0.000000,0.000000,0.000000,0.000000,0.000000,0.000000,0.000000,0.000000,0.000000,0.000000,0.000000,0.000000,0.000000,0.000000,0.000000
0.000000,0.000017,0.000265,0.000540,0.000834,0.001155,0.001515,0.001924,0.002392,0.002930,0.003551,0.004265,0.005087,0.006027,0.007099,0.008315,0.009685,0.011219,0.012927,0.014813,0.016882,0.019133,0.021561,0.024157,0.026906,0.029787,0.032774,0.035830,0.038916,0.041984,0.044977,0.047838,0.050499,0.052892,0.054945,0.056589,0.057752,0.058371,0.058385,0.057744,0.056411,0.054358,0.051574,0.048065,0.043854,0.038978,0.033496,0.027480,0.021018,0.014210,0.000000,0.000000,0.000000,0.000000,0.000000,0.000000,0.000000,0.000000,0.000000,0.000000,0.000000,0.000000,0.000000,0.000000,0.000000,0.000000,0.000000,0.000000,0.000000,0.000000,0.000000,0.000000,0.000000,0.000000,0.000000,0.000000,0.000000,0.000000,0.000000,0.000000,0.000000,0.000000,0.000000,0.000000,0.000000,0.000000,0.000000,0.000000,0.000000,0.000000,0.000000,0.000000,0.000000,0.000000,0.000000,0.000000,0.000000,0.000000,0.000000,0.000000
0.000000,0.000017,0.000280,0.000570,0.000880,0.001220,0.001600,0.002031,0.002525,0.003094,0.003749,0.004503,0.005371,0.006363,0.007495,0.008778,0.010224,0.011844,0.013647,0.015638,0.017822,0.020198,0.022761,0.025502,0.028404,0.031445,0.034598,0.037824,0.041082,0.044319,0.047480,0.050499,0.053307,0.055833,0.058001,0.059735,0.060963,0.061616,0.061630,0.060954,0.059546,0.057379,0.054441,0.050737,0.046291,0.041144,0.035358,0.029008,0.022186,0.015000,0.000000,0.000000,0.000000,0.000000,0.000000,0.000000,0.000000,0.000000,0.000000,0.000000,0.000000,0.000000,0.000000,0.000000,0.000000,0.000000,0.000000,0.000000,0.000000,0.000000,0.000000,0.000000,0.000000,0.000000,0.000000,0.000000,0.000000,0.000000,0.000000,0.000000,0.000000,0.000000,0.000000,0.000000,0.000000,0.000000,0.000000,0.000000,0.000000,0.000000,0.000000,0.000000,0.000000,0.000000,0.000000,0.000000,0.000000,0.000000,0.000000,0.000000
0.000000,0.000018,0.000294,0.000597,0.000922,0.001278,0.001676,0.002128,0.002645,0.003241,0.003927,0.004717,0.005626,0.006666,0.007851,0.009195,0.010710,0.012407,0.014295,0.016381,0.018668,0.021157,0.023841,0.026711,0.029751,0.032937,0.036238,0.039617,0.043029,0.046420,0.049730,0.052892,0.055833,0.058478,0.060749,0.062565,0.063851,0.064534,0.064549,0.063841,0.062366,0.060096,0.057018,0.053139,0.048482,0.043092,0.037031,0.030380,0.023236,0.015710,0.000000,0.000000,0.000000,0.000000,0.000000,0.000000,0.000000,0.000000,0.000000,0.000000,0.000000,0.000000,0.000000,0.000000,0.000000,0.000000,0.000000,0.000000,0.000000,0.000000,0.000000,0.000000,0.000000,0.000000,0.000000,0.000000,0.000000,0.000000,0.000000,0.000000,0.000000,0.000000,0.000000,0.000000,0.000000,0.000000,0.000000,0.000000,0.000000,0.000000,0.000000,0.000000,0.000000,0.000000,0.000000,0.000000,0.000000,0.000000,0.000000,0.000000
0.000000,0.000019,0.000305,0.000621,0.000958,0.001328,0.001741,0.002211,0.002748,0.003367,0.004080,0.004901,0.005845,0.006925,0.008157,0.009553,0.011127,0.012889,0.014851,0.017018,0.019394,0.021979,0.024768,0.027750,0.030907,0.034217,0.037646,0.041157,0.044701,0.048223,0.051661,0.054945,0.058001,0.060749,0.063107,0.064993,0.066329,0.067038,0.067053,0.066317,0.064785,0.062427,0.059230,0.055200,0.050362,0.044763,0.038467,0.031559,0.024137,0.016319,0.000000,0.000000,0.000000,0.000000,0.000000,0.000000,0.000000,0.000000,0.000000,0.000000,0.000000,0.000000,0.000000,0.000000,0.000000,0.000000,0.000000,0.000000,0.000000,0.000000,0.000000,0.000000,0.000000,0.000000,0.000000,0.000000,0.000000,0.000000,0.000000,0.000000,0.000000,0.000000,0.000000,0.000000,0.000000,0.000000,0.000000,0.000000,0.000000,0.000000,0.000000,0.000000,0.000000,0.000000,0.000000,0.000000,0.000000,0.000000,0.000000,0.000000
0.000000,0.000020,0.000314,0.000639,0.000987,0.001368,0.001794,0.002277,0.002831,0.003468,0.004202,0.005048,0.006020,0.007133,0.008402,0.009840,0.011460,0.013276,0.015296,0.017528,0.019975,0.022638,0.025510,0.028581,0.031833,0.035241,0.038773,0.042389,0.046038,0.049666,0.053207,0.056589,0.059735,0.062565,0.064993,0.066936,0.068311,0.069041,0.069057,0.068299,0.066721,0.064292,0.060999,0.056848,0.051866,0.046100,0.039616,0.032501,0.024858,0.016806,0.000000,0.000000,0.000000,0.000000,0.000000,0.000000,0.000000,0.000000,0.000000,0.000000,0.000000,0.000000,0.000000,0.000000,0.000000,0.000000,0.000000,0.000000,0.000000,0.000000,0.000000,0.000000,0.000000,0.000000,0.000000,0.000000,0.000000,0.000000,0.000000,0.000000,0.000000,0.000000,0.000000,0.000000,0.000000,0.000000,0.000000,0.000000,0.000000,0.000000,0.000000,0.000000,0.000000,0.000000,0.000000,0.000000,0.000000,0.000000,0.000000,0.000000
0.000000,0.000020,0.000321,0.000653,0.001007,0.001396,0.001831,0.002324,0.002889,0.003540,0.004289,0.005153,0.006145,0.007281,0.008575,0.010043,0.011697,0.013550,0.015612,0.017890,0.020387,0.023104,0.026036,0.029170,0.032489,0.035967,0.039571,0.043261,0.046986,0.050688,0.054301,0.057752,0.060963,0.063851,0.066329,0.068311,0.069714,0.070459,0.070475,0.069701,0.068090,0.065611,0.062251,0.058015,0.052930,0.047046,0.040429,0.033168,0.025368,0.017151,0.000000,0.000000,0.000000,0.000000,0.000000,0.000000,0.000000,0.000000,0.000000,0.000000,0.000000,0.000000,0.000000,0.000000,0.000000,0.000000,0.000000,0.000000,0.000000,0.000000,0.000000,0.000000,0.000000,0.000000,0.000000,0.000000,0.000000,0.000000,0.000000,0.000000,0.000000,0.000000,0.000000,0.000000,0.000000,0.000000,0.000000,0.000000,0.000000,0.000000,0.000000,0.000000,0.000000,0.000000,0.000000,0.000000,0.000000,0.000000,0.000000,0.000000
0.000000,0.000020,0.000324,0.000660,0.001018,0.001411,0.001851,0.002349,0.002921,0.003578,0.004336,0.005208,0.006211,0.007359,0.008668,0.010151,0.011823,0.013696,0.015780,0.018082,0.020607,0.023353,0.026316,0.029483,0.032837,0.036353,0.039996,0.043725,0.047489,0.051231,0.054882,0.058371,0.061616,0.064534,0.067038,0.069041,0.070459,0.071212,0.071228,0.070445,0.068817,0.066311,0.062915,0.058634,0.053495,0.047547,0.040860,0.033521,0.025639,0.017334,0.000000,0.000000,0.000000,0.000000,0.000000,0.000000,0.000000,0.000000,0.000000,0.000000,0.000000,0.000000,0.000000,0.000000,0.000000,0.000000,0.000000,0.000000,0.000000,0.000000,0.000000,0.000000,0.000000,0.000000,0.000000,0.000000,0.000000,0.000000,0.000000,0.000000,0.000000,0.000000,0.000000,0.000000,0.000000,0.000000,0.000000,0.000000,0.000000,0.000000,0.000000,0.000000,0.000000,0.000000,0.000000,0.000000,0.000000,0.000000,0.000000,0.000000
0.000000,0.000020,0.000324,0.000660,0.001019,0.001412,0.001851,0.002350,0.002922,0.003579,0.004337,0.005210,0.006213,0.007362,0.008670,0.010154,0.011827,0.013700,0.015785,0.018087,0.020613,0.023360,0.026323,0.029491,0.032846,0.036363,0.040006,0.043736,0.047501,0.051243,0.054896,0.058385,0.061630,0.064549,0.067053,0.069057,0.070475,0.071228,0.071243,0.070460,0.068832,0.066325,0.062928,0.058646,0.053506,0.047557,0.040868,0.033528,0.025644,0.017337,0.000000,0.000000,0.000000,0.000000,0.000000,0.000000,0.000000,0.000000,0.000000,0.000000,0.000000,0.000000,0.000000,0.000000,0.000000,0.000000,0.000000,0.000000,0.000000,0.000000,0.000000,0.000000,0.000000,0.000000,0.000000,0.000000,0.000000,0.000000,0.000000,0.000000,0.000000,0.000000,0.000000,0.000000,0.000000,0.000000,0.000000,0.000000,0.000000,0.000000,0.000000,0.000000,0.000000,0.000000,0.000000,0.000000,0.000000,0.000000,0.000000,0.000000
0.000000,0.000020,0.000321,0.000653,0.001007,0.001396,0.001831,0.002325,0.002890,0.003540,0.004290,0.005153,0.006146,0.007281,0.008576,0.010044,0.011698,0.013551,0.015612,0.017890,0.020388,0.023104,0.026035,0.029169,0.032487,0.035965,0.039568,0.043257,0.046981,0.050682,0.054294,0.057744,0.060954,0.063841,0.066317,0.068299,0.069701,0.070445,0.070460,0.069686,0.068075,0.065596,0.062236,0.058001,0.052917,0.047034,0.040418,0.033159,0.025362,0.017146,0.000000,0.000000,0.000000,0.000000,0.000000,0.000000,0.000000,0.000000,0.000000,0.000000,0.000000,0.000000,0.000000,0.000000,0.000000,0.000000,0.000000,0.000000,0.000000,0.000000,0.000000,0.000000,0.000000,0.000000,0.000000,0.000000,0.000000,0.000000,0.000000,0.000000,0.000000,0.000000,0.000000,0.000000,0.000000,0.000000,0.000000,0.000000,0.000000,0.000000,0.000000,0.000000,0.000000,0.000000,0.000000,0.000000,0.000000,0.000000,0.000000,0.000000
0.000000,0.000020,0.000313,0.000638,0.000984,0.001364,0.001789,0.002271,0.002824,0.003459,0.004191,0.005035,0.006004,0.007114,0.008379,0.009812,0.011428,0.013239,0.015253,0.017478,0.019918,0.022572,0.025435,0.028496,0.031738,0.035135,0.038655,0.042259,0.045896,0.049512,0.053040,0.056411,0.059546,0.062366,0.064785,0.066721,0.068090,0.068817,0.068832,0.068075,0.066501,0.064079,0.060797,0.056659,0.051694,0.045946,0.039484,0.032392,0.024775,0.016750,0.000000,0.000000,0.000000,0.000000,0.000000,0.000000,0.000000,0.000000,0.000000,0.000000,0.000000,0.000000,0.000000,0.000000,0.000000,0.000000,0.000000,0.000000,0.000000,0.000000,0.000000,0.000000,0.000000,0.000000,0.000000,0.000000,0.000000,0.000000,0.000000,0.000000,0.000000,0.000000,0.000000,0.000000,0.000000,0.000000,0.000000,0.000000,0.000000,0.000000,0.000000,0.000000,0.000000,0.000000,0.000000,0.000000,0.000000,0.000000,0.000000,0.000000
0.000000,0.000019,0.000302,0.000615,0.000949,0.001315,0.001724,0.002189,0.002721,0.003333,0.004039,0.004852,0.005786,0.006855,0.008074,0.009456,0.011013,0.012757,0.014698,0.016842,0.019193,0.021751,0.024510,0.027460,0.030583,0.033857,0.037249,0.040721,0.044226,0.047710,0.051110,0.054358,0.057379,0.060096,0.062427,0.064292,0.065611,0.066311,0.066325,0.065596,0.064079,0.061746,0.058583,0.054596,0.049811,0.044272,0.038045,0.031212,0.023872,0.016139,0.000000,0.000000,0.000000,0.000000,0.000000,0.000000,0.000000,0.000000,0.000000,0.000000,0.000000,0.000000,0.000000,0.000000,0.000000,0.000000,0.000000,0.000000,0.000000,0.000000,0.000000,0.000000,0.000000,0.000000,0.000000,0.000000,0.000000,0.000000,0.000000,0.000000,0.000000,0.000000,0.000000,0.000000,0.000000,0.000000,0.000000,0.000000,0.000000,0.000000,0.000000,0.000000,0.000000,0.000000,0.000000,0.000000,0.000000,0.000000,0.000000,0.000000
0.000000,0.000018,0.000287,0.000583,0.000900,0.001247,0.001636,0.002077,0.002582,0.003163,0.003833,0.004604,0.005490,0.006505,0.007661,0.008972,0.010450,0.012105,0.013946,0.015981,0.018211,0.020638,0.023256,0.026054,0.029018,0.032124,0.035342,0.038637,0.041962,0.045267,0.048493,0.051574,0.054441,0.057018,0.059230,0.060999,0.062251,0.062915,0.062928,0.062236,0.060797,0.058583,0.055581,0.051799,0.047259,0.042004,0.036096,0.029613,0.022649,0.015313,0.000000,0.000000,0.000000,0.000000,0.000000,0.000000,0.000000,0.000000,0.000000,0.000000,0.000000,0.000000,0.000000,0.000000,0.000000,0.000000,0.000000,0.000000,0.000000,0.000000,0.000000,0.000000,0.000000,0.000000,0.000000,0.000000,0.000000,0.000000,0.000000,0.000000,0.000000,0.000000,0.000000,0.000000,0.000000,0.000000,0.000000,0.000000,0.000000,0.000000,0.000000,0.000000,0.000000,0.000000,0.000000,0.000000,0.000000,0.000000,0.000000,0.000000
0.000000,0.000017,0.000267,0.000544,0.000839,0.001163,0.001525,0.001936,0.002406,0.002948,0.003572,0.004291,0.005117,0.006063,0.007140,0.008362,0.009739,0.011282,0.012998,0.014894,0.016973,0.019234,0.021674,0.024282,0.027044,0.029939,0.032938,0.036008,0.039108,0.042188,0.045194,0.048065,0.050737,0.053139,0.055200,0.056848,0.058015,0.058634,0.058646,0.058001,0.056659,0.054596,0.051799,0.048274,0.044043,0.039146,0.033639,0.027598,0.021108,0.014270,0.000000,0.000000,0.000000,0.000000,0.000000,0.000000,0.000000,0.000000,0.000000,0.000000,0.000000,0.000000,0.000000,0.000000,0.000000,0.000000,0.000000,0.000000,0.000000,0.000000,0.000000,0.000000,0.000000,0.000000,0.000000,0.000000,0.000000,0.000000,0.000000,0.000000,0.000000,0.000000,0.000000,0.000000,0.000000,0.000000,0.000000,0.000000,0.000000,0.000000,0.000000,0.000000,0.000000,0.000000,0.000000,0.000000,0.000000,0.000000,0.000000,0.000000
