0.000000,0.000000,0.000000,0.000000,0.000000,0.000000,0.000000,0.000000,0.000000,0.000000,0.000000,0.000000,0.000000,0.000000,0.000000,0.000000,0.000000,0.000000,0.000000,0.000000,0.000000,0.000000,0.000000,0.000000,0.000000,0.000000,0.000000,0.000000,0.000000,0.000000,0.000000,0.000000,0.000000,0.000000,0.000000,0.000000,0.000000,0.000000,0.000000,0.000000,0.000000,0.000000,0.000000,0.000000,0.000000,0.000000,0.000000,0.000000,0.000000,0.000000,0.000000,0.000000,0.000000,0.000000,0.000000,0.000000,0.000000,0.000000,0.000000,0.000000,0.000000,0.000000,0.000000,0.000000,0.000000,0.000000,0.000000,0.000000,0.000000,0.000000,0.000000,0.000000,0.000000,0.000000,0.000000,0.000000,0.000000,0.000000,0.000000,0.000000,0.000000,0.000000,0.000000,0.000000,0.000000,0.000000,0.000000,0.000000,0.000000,0.000000,0.000000,0.000000,0.000000,0.000000,0.000000,0.000000,0.000000,0.000000,0.000000,0.000000
0.000000,0.000000,0.000000,0.000000,0.000000,0.000000,0.000000,0.000000,0.000000,0.000000,0.000000,0.000000,0.000000,0.000000,0.000000,0.000000,0.000000,0.000000,0.000000,0.000000,0.000000,0.000000,0.000000,0.000000,0.000000,0.000000,0.000000,0.000000,0.000000,0.000000,0.000000,0.000001,0.000001,0.000001,0.000001,0.000001,0.000001,0.000001,0.000002,0.000002,0.000002,0.000002,0.000003,0.000003,0.000003,0.000003,0.000003,0.000004,0.000004,0.000004,0.000000,0.000004,0.000004,0.000004,0.000004,0.000003,0.000003,0.000003,0.000003,0.000003,0.000002,0.000002,0.000002,0.000002,0.000001,0.000001,0.000001,0.000001,0.000001,0.000001,0.000001,0.000000,0.000000,0.000000,0.000000,0.000000,0.000000,0.000000,0.000000,0.000000,0.000000,0.000000,0.000000,0.000000,0.000000,0.000000,0.000000,0.000000,0.000000,0.000000,0.000000,0.000000,0.000000,0.000000,0.000000,0.000000,0.000000,0.000000,0.000000,0.000000
0.000000,0.000000,0.000000,0.000000,0.000000,0.000000,0.000000,0.000000,0.000000,0.000000,0.000000,0.000000,0.000000,0.000000,0.000000,0.000000,0.000000,0.000000,0.000000,0.000000,0.000000,0.000000,0.000000,0.000000,0.000000,0.000000,0.000000,0.000000,0.000000,0.000001,0.000001,0.000001,0.000001,0.000001,0.000002,0.000002,0.000002,0.000002,0.000003,0.000003,0.000004,0.000004,0.000004,0.000005,0.000005,0.000005,0.000006,0.000006,0.000006,0.000006,0.000000,0.000006,0.000006,0.000006,0.000006,0.000006,0.000005,0.000005,0.000005,0.000004,0.000004,0.000004,0.000003,0.000003,0.000002,0.000002,0.000002,0.000002,0.000001,0.000001,0.000001,0.000001,0.000001,0.000000,0.000000,0.000000,0.000000,0.000000,0.000000,0.000000,0.000000,0.000000,0.000000,0.000000,0.000000,0.000000,0.000000,0.000000,0.000000,0.000000,0.000000,0.000000,0.000000,0.000000,0.000000,0.000000,0.000000,0.000000,0.000000,0.000000
0.000000,0.000000,0.000000,0.000000,0.000000,0.000000,0.000000,0.000000,0.000000,0.000000,0.000000,0.000000,0.000000,0.000000,0.000000,0.000000,0.000000,0.000000,0.000000,0.000000,0.000000,0.000000,0.000000,0.000000,0.000000,0.000000,0.000000,0.000001,0.000001,0.000001,0.000001,0.000001,0.000002,0.000002,0.000003,0.000003,0.000003,0.000004,0.000005,0.000005,0.000006,0.000006,0.000007,0.000008,0.000008,0.000009,0.000009,0.000009,0.000010,0.000010,0.000000,0.000010,0.000010,0.000010,0.000009,0.000009,0.000009,0.000008,0.000008,0.000007,0.000006,0.000006,0.000005,0.000005,0.000004,0.000003,0.000003,0.000003,0.000002,0.000002,0.000001,0.000001,0.000001,0.000001,0.000001,0.000000,0.000000,0.000000,0.000000,0.000000,0.000000,0.000000,0.000000,0.000000,0.000000,0.000000,0.000000,0.000000,0.000000,0.000000,0.000000,0.000000,0.000000,0.000000,0.000000,0.000000,0.000000,0.000000,0.000000,0.000000
0.000000,0.000000,0.000000,0.000000,0.000000,0.000000,0.000000,0.000000,0.000000,0.000000,0.000000,0.000000,0.000000,0.000000,0.000000,0.000000,0.000000,0.000000,0.000000,0.000000,0.000000,0.000000,0.000000,0.000000,0.000000,0.000001,0.000001,0.000001,0.000001,0.000002,0.000002,0.000002,0.000003,0.000003,0.000004,0.000005,0.000006,0.000006,0.000007,0.000008,0.000009,0.000010,0.000011,0.000012,0.000013,0.000014,0.000015,0.000015,0.000016,0.000016,0.000000,0.000016,0.000016,0.000016,0.000015,0.000015,0.000014,0.000013,0.000012,0.000011,0.000010,0.000009,0.000008,0.000007,0.000006,0.000006,0.000005,0.000004,0.000003,0.000003,0.000002,0.000002,0.000002,0.000001,0.000001,0.000001,0.000001,0.000000,0.000000,0.000000,0.000000,0.000000,0.000000,0.000000,0.000000,0.000000,0.000000,0.000000,0.000000,0.000000,0.000000,0.000000,0.000000,0.000000,0.000000,0.000000,0.000000,0.000000,0.000000,0.000000
0.000000,0.000000,0.000000,0.000000,0.000000,0.000000,0.000000,0.000000,0.000000,0.000000,0.000000,0.000000,0.000000,0.000000,0.000000,0.000000,0.000000,0.000000,0.000000,0.000000,0.000000,0.000000,0.000000,0.000001,0.000001,0.000001,0.000001,0.000002,0.000002,0.000002,0.000003,0.000004,0.000005,0.000005,0.000006,0.000008,0.000009,0.000010,0.000012,0.000013,0.000015,0.000016,0.000018,0.000019,0.000021,0.000022,0.000023,0.000024,0.000025,0.000026,0.000000,0.000026,0.000026,0.000025,0.000024,0.000023,0.000022,0.000021,0.000019,0.000018,0.000016,0.000015,0.000013,0.000012,0.000010,0.000009,0.000008,0.000006,0.000005,0.000005,0.000004,0.000003,0.000002,0.000002,0.000002,0.000001,0.000001,0.000001,0.000001,0.000000,0.000000,0.000000,0.000000,0.000000,0.000000,0.000000,0.000000,0.000000,0.000000,0.000000,0.000000,0.000000,0.000000,0.000000,0.000000,0.000000,0.000000,0.000000,0.000000,0.000000
0.000000,0.000000,0.000000,0.000000,0.000000,0.000000,0.000000,0.000000,0.000000,0.000000,0.000000,0.000000,0.000000,0.000000,0.000000,0.000000,0.000000,0.000000,0.000000,0.000000,0.000000,0.000000,0.000001,0.000001,0.000001,0.000001,0.000002,0.000002,0.000003,0.000004,0.000005,0.000006,0.000007,0.000009,0.000010,0.000012,0.000014,0.000016,0.000018,0.000021,0.000023,0.000026,0.000028,0.000031,0.000033,0.000035,0.000037,0.000039,0.000040,0.000041,0.000000,0.000041,0.000041,0.000040,0.000039,0.000037,0.000035,0.000033,0.000031,0.000028,0.000026,0.000023,0.000021,0.000018,0.000016,0.000014,0.000012,0.000010,0.000009,0.000007,0.000006,0.000005,0.000004,0.000003,0.000002,0.000002,0.000001,0.000001,0.000001,0.000001,0.000000,0.000000,0.000000,0.000000,0.000000,0.000000,0.000000,0.000000,0.000000,0.000000,0.000000,0.000000,0.000000,0.000000,0.000000,0.000000,0.000000,0.000000,0.000000,0.000000
0.000000,0.000000,0.000000,0.000000,0.000000,0.000000,0.000000,0.000000,0.000000,0.000000,0.000000,0.000000,0.000000,0.000000,0.000000,0.000000,0.000000,0.000000,0.000000,0.000000,0.000001,0.000001,0.000001,0.000001,0.000002,0.000002,0.000003,0.000004,0.000005,0.000006,0.000008,0.000009,0.000011,0.000013,0.000016,0.000019,0.000022,0.000025,0.000029,0.000033,0.000037,0.000041,0.000044,0.000048,0.000052,0.000055,0.000058,0.000060,0.000062,0.000063,0.000000,0.000064,0.000063,0.000062,0.000060,0.000058,0.000055,0.000052,0.000048,0.000044,0.000041,0.000037,0.000033,0.000029,0.000025,0.000022,0.000019,0.000016,0.000013,0.000011,0.000009,0.000008,0.000006,0.000005,0.000004,0.000003,0.000002,0.000002,0.000001,0.000001,0.000001,0.000001,0.000000,0.000000,0.000000,0.000000,0.000000,0.000000,0.000000,0.000000,0.000000,0.000000,0.000000,0.000000,0.000000,0.000000,0.000000,0.000000,0.000000,0.000000
0.000000,0.000000,0.000000,0.000000,0.000000,0.000000,0.000000,0.000000,0.000000,0.000000,0.000000,0.000000,0.000000,0.000000,0.000000,0.000000,0.000000,0.000000,0.000000,0.000001,0.000001,0.000001,0.000002,0.000002,0.000003,0.000004,0.000005,0.000006,0.000008,0.000009,0.000012,0.000014,0.000017,0.000021,0.000025,0.000029,0.000034,0.000039,0.000045,0.000051,0.000057,0.000063,0.000069,0.000075,0.000080,0.000085,0.000090,0.000094,0.000096,0.000098,0.000000,0.000099,0.000098,0.000096,0.000094,0.000090,0.000085,0.000080,0.000075,0.000069,0.000063,0.000057,0.000051,0.000045,0.000039,0.000034,0.000029,0.000025,0.000021,0.000017,0.000014,0.000012,0.000009,0.000008,0.000006,0.000005,0.000004,0.000003,0.000002,0.000002,0.000001,0.000001,0.000001,0.000000,0.000000,0.000000,0.000000,0.000000,0.000000,0.000000,0.000000,0.000000,0.000000,0.000000,0.000000,0.000000,0.000000,0.000000,0.000000,0.000000
0.000000,0.000000,0.000000,0.000000,0.000000,0.000000,0.000000,0.000000,0.000000,0.000000,0.000000,0.000000,0.000000,0.000000,0.000000,0.000000,0.000000,0.000000,0.000001,0.000001,0.000001,0.000002,0.000002,0.000003,0.000004,0.000006,0.000007,0.000009,0.000012,0.000014,0.000018,0.000022,0.000027,0.000032,0.000038,0.000045,0.000052,0.000060,0.000069,0.000078,0.000087,0.000096,0.000106,0.000115,0.000123,0.000131,0.000138,0.000144,0.000148,0.000151,0.000000,0.000153,0.000151,0.000148,0.000144,0.000138,0.000131,0.000123,0.000115,0.000106,0.000096,0.000087,0.000078,0.000069,0.000060,0.000052,0.000045,0.000038,0.000032,0.000027,0.000022,0.000018,0.000014,0.000012,0.000009,0.000007,0.000006,0.000004,0.000003,0.000002,0.000002,0.000001,0.000001,0.000001,0.000000,0.000000,0.000000,0.000000,0.000000,0.000000,0.000000,0.000000,0.000000,0.000000,0.000000,0.000000,0.000000,0.000000,0.000000,0.000000
0.000000,0.000000,0.000000,0.000000,0.000000,0.000000,0.000000,0.000000,0.000000,0.000000,0.000000,0.000000,0.000000,0.000000,0.000000,0.000000,0.000001,0.000001,0.000001,0.000001,0.000002,0.000003,0.000004,0.000005,0.000006,0.000008,0.000011,0.000014,0.000018,0.000022,0.000027,0.000033,0.000041,0.000049,0.000058,0.000068,0.000079,0.000092,0.000105,0.000118,0.000132,0.000147,0.000161,0.000174,0.000187,0.000199,0.000209,0.000218,0.000225,0.000230,0.000000,0.000232,0.000230,0.000225,0.000218,0.000209,0.000199,0.000187,0.000174,0.000161,0.000147,0.000132,0.000118,0.000105,0.000092,0.000079,0.000068,0.000058,0.000049,0.000041,0.000033,0.000027,0.000022,0.000018,0.000014,0.000011,0.000008,0.000006,0.000005,0.000004,0.000003,0.000002,0.000001,0.000001,0.000001,0.000001,0.000000,0.000000,0.000000,0.000000,0.000000,0.000000,0.000000,0.000000,0.000000,0.000000,0.000000,0.000000,0.000000,0.000000
0.000000,0.000000,0.000000,0.000000,0.000000,0.000000,0.000000,0.000000,0.000000,0.000000,0.000000,0.000000,0.000000,0.000000,0.000000,0.000001,0.000001,0.000001,0.000002,0.000002,0.000003,0.000004,0.000006,0.000007,0.000010,0.000013,0.000016,0.000021,0.000026,0.000033,0.000041,0.000050,0.000061,0.000073,0.000087,0.000103,0.000119,0.000138,0.000157,0.000178,0.000199,0.000220,0.000242,0.000262,0.000282,0.000299,0.000315,0.000328,0.000338,0.000345,0.000000,0.000349,0.000345,0.000338,0.000328,0.000315,0.000299,0.000282,0.000262,0.000242,0.000220,0.000199,0.000178,0.000157,0.000138,0.000119,0.000103,0.000087,0.000073,0.000061,0.000050,0.000041,0.000033,0.000026,0.000021,0.000016,0.000013,0.000010,0.000007,0.000006,0.000004,0.000003,0.000002,0.000002,0.000001,0.000001,0.000001,0.000000,0.000000,0.000000,0.000000,0.000000,0.000000,0.000000,0.000000,0.000000,0.000000,0.000000,0.000000,0.000000
0.000000,0.000000,0.000000,0.000000,0.000000,0.000000,0.000000,0.000000,0.000000,0.000000,0.000000,0.000000,0.000000,0.000000,0.000001,0.000001,0.000001,0.000002,0.000002,0.000003,0.000005,0.000006,0.000008,0.000011,0.000014,0.000019,0.000024,0.000031,0.000039,0.000049,0.000061,0.000075,0.000091,0.000109,0.000130,0.000153,0.000178,0.000205,0.000234,0.000265,0.000296,0.000328,0.000360,0.000390,0.000419,0.000446,0.000469,0.000488,0.000504,0.000514,0.000000,0.000519,0.000514,0.000504,0.000488,0.000469,0.000446,0.000419,0.000390,0.000360,0.000328,0.000296,0.000265,0.000234,0.000205,0.000178,0.000153,0.000130,0.000109,0.000091,0.000075,0.000061,0.000049,0.000039,0.000031,0.000024,0.000019,0.000014,0.000011,0.000008,0.000006,0.000005,0.000003,0.000002,0.000002,0.000001,0.000001,0.000001,0.000000,0.000000,0.000000,0.000000,0.000000,0.000000,0.000000,0.000000,0.000000,0.000000,0.000000,0.000000
0.000000,0.000000,0.000000,0.000000,0.000000,0.000000,0.000000,0.000000,0.000000,0.000000,0.000000,0.000000,0.000000,0.000001,0.000001,0.000001,0.000002,0.000003,0.000004,0.000005,0.000007,0.000009,0.000012,0.000016,0.000021,0.000028,0.000036,0.000046,0.000058,0.000072,0.000090,0.000110,0.000134,0.000161,0.000191,0.000225,0.000262,0.000302,0.000345,0.000390,0.000437,0.000484,0.000530,0.000575,0.000618,0.000657,0.000691,0.000720,0.000742,0.000757,0.000000,0.000765,0.000757,0.000742,0.000720,0.000691,0.000657,0.000618,0.000575,0.000530,0.000484,0.000437,0.000390,0.000345,0.000302,0.000262,0.000225,0.000191,0.000161,0.000134,0.000110,0.000090,0.000072,0.000058,0.000046,0.000036,0.000028,0.000021,0.000016,0.000012,0.000009,0.000007,0.000005,0.000004,0.000003,0.000002,0.000001,0.000001,0.000001,0.000000,0.000000,0.000000,0.000000,0.000000,0.000000,0.000000,0.000000,0.000000,0.000000,0.000000
0.000000,0.000000,0.000000,0.000000,0.000000,0.000000,0.000000,0.000000,0.000000,0.000000,0.000000,0.000000,0.000001,0.000001,0.000001,0.000002,0.000003,0.000004,0.000005,0.000007,0.000010,0.000013,0.000018,0.000024,0.000031,0.000041,0.000052,0.000067,0.000084,0.000106,0.000131,0.000161,0.000195,0.000234,0.000279,0.000328,0.000382,0.000441,0.000504,0.000569,0.000637,0.000705,0.000773,0.000839,0.000901,0.000958,0.001008,0.001050,0.001083,0.001105,0.000000,0.001116,0.001105,0.001083,0.001050,0.001008,0.000958,0.000901,0.000839,0.000773,0.000705,0.000637,0.000569,0.000504,0.000441,0.000382,0.000328,0.000279,0.000234,0.000195,0.000161,0.000131,0.000106,0.000084,0.000067,0.000052,0.000041,0.000031,0.000024,0.000018,0.000013,0.000010,0.000007,0.000005,0.000004,0.000003,0.000002,0.000001,0.000001,0.000001,0.000000,0.000000,0.000000,0.000000,0.000000,0.000000,0.000000,0.000000,0.000000,0.000000
0.000000,0.000000,0.000000,0.000000,0.000000,0.000000,0.000000,0.000000,0.000000,0.000000,0.000000,0.000001,0.000001,0.000001,0.000002,0.000003,0.000004,0.000005,0.000007,0.000010,0.000014,0.000019,0.000026,0.000034,0.000045,0.000059,0.000075,0.000096,0.000122,0.000153,0.000189,0.000232,0.000282,0.000338,0.000402,0.000474,0.000552,0.000637,0.000727,0.000822,0.000920,0.001018,0.001116,0.001211,0.001301,0.001383,0.001455,0.001516,0.001563,0.001595,0.000000,0.001612,0.001595,0.001563,0.001516,0.001455,0.001383,0.001301,0.001211,0.001116,0.001018,0.000920,0.000822,0.000727,0.000637,0.000552,0.000474,0.000402,0.000338,0.000282,0.000232,0.000189,0.000153,0.000122,0.000096,0.000075,0.000059,0.000045,0.000034,0.000026,0.000019,0.000014,0.000010,0.000007,0.000005,0.000004,0.000003,0.000002,0.000001,0.000001,0.000001,0.000000,0.000000,0.000000,0.000000,0.000000,0.000000,0.000000,0.000000,0.000000
0.000000,0.000000,0.000000,0.000000,0.000000,0.000000,0.000000,0.000000,0.000000,0.000000,0.000001,0.000001,0.000001,0.000002,0.000003,0.000004,0.000005,0.000008,0.000011,0.000015,0.000020,0.000027,0.000037,0.000049,0.000064,0.000084,0.000108,0.000138,0.000174,0.000218,0.000270,0.000331,0.000402,0.000484,0.000575,0.000677,0.000789,0.000910,0.001039,0.001175,0.001314,0.001455,0.001595,0.001731,0.001859,0.001977,0.002080,0.002167,0.002234,0.002280,0.000000,0.002303,0.002280,0.002234,0.002167,0.002080,0.001977,0.001859,0.001731,0.001595,0.001455,0.001314,0.001175,0.001039,0.000910,0.000789,0.000677,0.000575,0.000484,0.000402,0.000331,0.000270,0.000218,0.000174,0.000138,0.000108,0.000084,0.000064,0.000049,0.000037,0.000027,0.000020,0.000015,0.000011,0.000008,0.000005,0.000004,0.000003,0.000002,0.000001,0.000001,0.000001,0.000000,0.000000,0.000000,0.000000,0.000000,0.000000,0.000000,0.000000
0.000000,0.000000,0.000000,0.000000,0.000000,0.000000,0.000000,0.000000,0.000000,0.000000,0.000001,0.000001,0.000002,0.000003,0.000004,0.000005,0.000008,0.000011,0.000015,0.000021,0.000028,0.000039,0.000052,0.000069,0.000091,0.000118,0.000153,0.000195,0.000247,0.000309,0.000382,0.000469,0.000569,0.000684,0.000814,0.000958,0.001116,0.001288,0.001470,0.001662,0.001859,0.002059,0.002257,0.002449,0.002630,0.002796,0.002943,0.003065,0.003160,0.003226,0.000000,0.003259,0.003226,0.003160,0.003065,0.002943,0.002796,0.002630,0.002449,0.002257,0.002059,0.001859,0.001662,0.001470,0.001288,0.001116,0.000958,0.000814,0.000684,0.000569,0.000469,0.000382,0.000309,0.000247,0.000195,0.000153,0.000118,0.000091,0.000069,0.000052,0.000039,0.000028,0.000021,0.000015,0.000011,0.000008,0.000005,0.000004,0.000003,0.000002,0.000001,0.000001,0.000000,0.000000,0.000000,0.000000,0.000000,0.000000,0.000000,0.000000
0.000000,0.000000,0.000000,0.000000,0.000000,0.000000,0.000000,0.000000,0.000000,0.000001,0.000001,0.000002,0.000002,0.000004,0.000005,0.000007,0.000011,0.000015,0.000021,0.000029,0.000040,0.000054,0.000072,0.000096,0.000127,0.000166,0.000214,0.000273,0.000345,0.000432,0.000535,0.000657,0.000797,0.000958,0.001139,0.001341,0.001563,0.001803,0.002059,0.002327,0.002603,0.002883,0.003160,0.003429,0.003683,0.003916,0.004120,0.004292,0.004426,0.004517,0.000000,0.004563,0.004517,0.004426,0.004292,0.004120,0.003916,0.003683,0.003429,0.003160,0.002883,0.002603,0.002327,0.002059,0.001803,0.001563,0.001341,0.001139,0.000958,0.000797,0.000657,0.000535,0.000432,0.000345,0.000273,0.000214,0.000166,0.000127,0.000096,0.000072,0.000054,0.000040,0.000029,0.000021,0.000015,0.000011,0.000007,0.000005,0.000004,0.000002,0.000002,0.000001,0.000001,0.000000,0.000000,0.000000,0.000000,0.000000,0.000000,0.000000
0.000000,0.000000,0.000000,0.000000,0.000000,0.000000,0.000000,0.000000,0.000001,0.000001,0.000001,0.000002,0.000003,0.000005,0.000007,0.000010,0.000015,0.000021,0.000029,0.000040,0.000055,0.000075,0.000100,0.000134,0.000176,0.000230,0.000296,0.000378,0.000479,0.000599,0.000742,0.000910,0.001105,0.001328,0.001579,0.001859,0.002167,0.002499,0.002854,0.003226,0.003609,0.003996,0.004381,0.004753,0.005105,0.005427,0.005711,0.005949,0.006134,0.006261,0.000000,0.006325,0.006261,0.006134,0.005949,0.005711,0.005427,0.005105,0.004753,0.004381,0.003996,0.003609,0.003226,0.002854,0.002499,0.002167,0.001859,0.001579,0.001328,0.001105,0.000910,0.000742,0.000599,0.000479,0.000378,0.000296,0.000230,0.000176,0.000134,0.000100,0.000075,0.000055,0.000040,0.000029,0.000021,0.000015,0.000010,0.000007,0.000005,0.000003,0.000002,0.000001,0.000001,0.000001,0.000000,0.000000,0.000000,0.000000,0.000000,0.000000
0.000000,0.000000,0.000000,0.000000,0.000000,0.000000,0.000000,0.000001,0.000001,0.000001,0.000002,0.000003,0.000005,0.000007,0.000010,0.000014,0.000020,0.000028,0.000040,0.000055,0.000075,0.000103,0.000138,0.000183,0.000242,0.000315,0.000407,0.000519,0.000657,0.000822,0.001018,0.001249,0.001516,0.001822,0.002167,0.002551,0.002973,0.003429,0.003916,0.004426,0.004951,0.005483,0.006010,0.006522,0.007004,0.007447,0.007836,0.008163,0.008416,0.008590,0.000000,0.008678,0.008590,0.008416,0.008163,0.007836,0.007447,0.007004,0.006522,0.006010,0.005483,0.004951,0.004426,0.003916,0.003429,0.002973,0.002551,0.002167,0.001822,0.001516,0.001249,0.001018,0.000822,0.000657,0.000519,0.000407,0.000315,0.000242,0.000183,0.000138,0.000103,0.000075,0.000055,0.000040,0.000028,0.000020,0.000014,0.000010,0.000007,0.000005,0.000003,0.000002,0.000001,0.000001,0.000001,0.000000,0.000000,0.000000,0.000000,0.000000
0.000000,0.000000,0.000000,0.000000,0.000000,0.000000,0.000000,0.000001,0.000001,0.000002,0.000003,0.000004,0.000006,0.000009,0.000013,0.000019,0.000027,0.000039,0.000054,0.000075,0.000103,0.000139,0.000187,0.000249,0.000328,0.000428,0.000552,0.000705,0.000892,0.001116,0.001383,0.001696,0.002059,0.002474,0.002943,0.003464,0.004037,0.004657,0.005318,0.006010,0.006724,0.007447,0.008163,0.008857,0.009513,0.010113,0.010642,0.011086,0.011430,0.011666,0.000000,0.011786,0.011666,0.011430,0.011086,0.010642,0.010113,0.009513,0.008857,0.008163,0.007447,0.006724,0.006010,0.005318,0.004657,0.004037,0.003464,0.002943,0.002474,0.002059,0.001696,0.001383,0.001116,0.000892,0.000705,0.000552,0.000428,0.000328,0.000249,0.000187,0.000139,0.000103,0.000075,0.000054,0.000039,0.000027,0.000019,0.000013,0.000009,0.000006,0.000004,0.000003,0.000002,0.000001,0.000001,0.000000,0.000000,0.000000,0.000000,0.000000
0.000000,0.000000,0.000000,0.000000,0.000000,0.000000,0.000001,0.000001,0.000002,0.000002,0.000004,0.000006,0.000008,0.000012,0.000018,0.000026,0.000037,0.000052,0.000072,0.000100,0.000138,0.000187,0.000252,0.000335,0.000441,0.000575,0.000742,0.000948,0.001199,0.001501,0.001859,0.002280,0.002768,0.003326,0.003956,0.004657,0.005427,0.006261,0.007149,0.008080,0.009039,0.010010,0.010973,0.011907,0.012788,0.013595,0.014307,0.014903,0.015366,0.015683,0.000000,0.015844,0.015683,0.015366,0.014903,0.014307,0.013595,0.012788,0.011907,0.010973,0.010010,0.009039,0.008080,0.007149,0.006261,0.005427,0.004657,0.003956,0.003326,0.002768,0.002280,0.001859,0.001501,0.001199,0.000948,0.000742,0.000575,0.000441,0.000335,0.000252,0.000187,0.000138,0.000100,0.000072,0.000052,0.000037,0.000026,0.000018,0.000012,0.000008,0.000006,0.000004,0.000002,0.000002,0.000001,0.000001,0.000000,0.000000,0.000000,0.000000
0.000000,0.000000,0.000000,0.000000,0.000000,0.000001,0.000001,0.000001,0.000002,0.000003,0.000005,0.000007,0.000011,0.000016,0.000024,0.000034,0.000049,0.000069,0.000096,0.000134,0.000183,0.000249,0.000335,0.000446,0.000587,0.000765,0.000988,0.001262,0.001595,0.001997,0.002474,0.003034,0.003683,0.004426,0.005264,0.006197,0.007222,0.008331,0.009513,0.010752,0.012029,0.013321,0.014602,0.015844,0.017017,0.018091,0.019038,0.019831,0.020447,0.020869,0.000000,0.021083,0.020869,0.020447,0.019831,0.019038,0.018091,0.017017,0.015844,0.014602,0.013321,0.012029,0.010752,0.009513,0.008331,0.007222,0.006197,0.005264,0.004426,0.003683,0.003034,0.002474,0.001997,0.001595,0.001262,0.000988,0.000765,0.000587,0.000446,0.000335,0.000249,0.000183,0.000134,0.000096,0.000069,0.000049,0.000034,0.000024,0.000016,0.000011,0.000007,0.000005,0.000003,0.000002,0.000001,0.000001,0.000001,0.000000,0.000000,0.000000
0.000000,0.000000,0.000000,0.000000,0.000000,0.000001,0.000001,0.000002,0.000003,0.000004,0.000006,0.000010,0.000014,0.000021,0.000031,0.000045,0.000064,0.000091,0.000127,0.000176,0.000242,0.000328,0.000441,0.000587,0.000773,0.001008,0.001301,0.001662,0.002101,0.002630,0.003259,0.003996,0.004851,0.005829,0.006933,0.008163,0.009513,0.010973,0.012530,0.014162,0.015844,0.017546,0.019233,0.020869,0.022414,0.023829,0.025076,0.026120,0.026932,0.027488,0.000000,0.027769,0.027488,0.026932,0.026120,0.025076,0.023829,0.022414,0.020869,0.019233,0.017546,0.015844,0.014162,0.012530,0.010973,0.009513,0.008163,0.006933,0.005829,0.004851,0.003996,0.003259,0.002630,0.002101,0.001662,0.001301,0.001008,0.000773,0.000587,0.000441,0.000328,0.000242,0.000176,0.000127,0.000091,0.000064,0.000045,0.000031,0.000021,0.000014,0.000010,0.000006,0.000004,0.000003,0.000002,0.000001,0.000001,0.000000,0.000000,0.000000
0.000000,0.000000,0.000000,0.000000,0.000001,0.000001,0.000001,0.000002,0.000004,0.000006,0.000008,0.000013,0.000019,0.000028,0.000041,0.000059,0.000084,0.000118,0.000166,0.000230,0.000315,0.000428,0.000575,0.000765,0.001008,0.001314,0.001696,0.002167,0.002740,0.003429,0.004249,0.005210,0.006325,0.007600,0.009039,0.010642,0.012402,0.014307,0.016336,0.018464,0.020657,0.022876,0.025076,0.027209,0.029223,0.031068,0.032694,0.034056,0.035114,0.035838,0.000000,0.036206,0.035838,0.035114,0.034056,0.032694,0.031068,0.029223,0.027209,0.025076,0.022876,0.020657,0.018464,0.016336,0.014307,0.012402,0.010642,0.009039,0.007600,0.006325,0.005210,0.004249,0.003429,0.002740,0.002167,0.001696,0.001314,0.001008,0.000765,0.000575,0.000428,0.000315,0.000230,0.000166,0.000118,0.000084,0.000059,0.000041,0.000028,0.000019,0.000013,0.000008,0.000006,0.000004,0.000002,0.000001,0.000001,0.000001,0.000000,0.000000
0.000000,0.000000,0.000000,0.000000,0.000001,0.000001,0.000002,0.000003,0.000005,0.000007,0.000011,0.000016,0.000024,0.000036,0.000052,0.000075,0.000108,0.000153,0.000214,0.000296,0.000407,0.000552,0.000742,0.000988,0.001301,0.001696,0.002189,0.002796,0.003536,0.004426,0.005483,0.006724,0.008163,0.009808,0.011666,0.013735,0.016006,0.018464,0.021083,0.023829,0.026659,0.029523,0.032362,0.035114,0.037714,0.040095,0.042193,0.043951,0.045317,0.046251,0.000000,0.046726,0.046251,0.045317,0.043951,0.042193,0.040095,0.037714,0.035114,0.032362,0.029523,0.026659,0.023829,0.021083,0.018464,0.016006,0.013735,0.011666,0.009808,0.008163,0.006724,0.005483,0.004426,0.003536,0.002796,0.002189,0.001696,0.001301,0.000988,0.000742,0.000552,0.000407,0.000296,0.000214,0.000153,0.000108,0.000075,0.000052,0.000036,0.000024,0.000016,0.000011,0.000007,0.000005,0.000003,0.000002,0.000001,0.000001,0.000000,0.000000
0.000000,0.000000,0.000000,0.000001,0.000001,0.000002,0.000002,0.000004,0.000006,0.000009,0.000014,0.000021,0.000031,0.000046,0.000067,0.000096,0.000138,0.000195,0.000273,0.000378,0.000519,0.000705,0.000948,0.001262,0.001662,0.002167,0.002796,0.003572,0.004517,0.005653,0.007004,0.008590,0.010427,0.012530,0.014903,0.017546,0.020447,0.023587,0.026932,0.030440,0.034056,0.037714,0.041341,0.044857,0.048178,0.051219,0.053900,0.056146,0.057891,0.059084,0.000000,0.059690,0.059084,0.057891,0.056146,0.053900,0.051219,0.048178,0.044857,0.041341,0.037714,0.034056,0.030440,0.026932,0.023587,0.020447,0.017546,0.014903,0.012530,0.010427,0.008590,0.007004,0.005653,0.004517,0.003572,0.002796,0.002167,0.001662,0.001262,0.000948,0.000705,0.000519,0.000378,0.000273,0.000195,0.000138,0.000096,0.000067,0.000046,0.000031,0.000021,0.000014,0.000009,0.000006,0.000004,0.000002,0.000002,0.000001,0.000001,0.000000
0.000000,0.000000,0.000000,0.000001,0.000001,0.000002,0.000003,0.000005,0.000008,0.000012,0.000018,0.000026,0.000039,0.000058,0.000084,0.000122,0.000174,0.000247,0.000345,0.000479,0.000657,0.000892,0.001199,0.001595,0.002101,0.002740,0.003536,0.004517,0.005711,0.007149,0.008857,0.010862,0.013185,0.015844,0.018845,0.022186,0.025855,0.029825,0.034056,0.038491,0.043063,0.047689,0.052275,0.056721,0.060921,0.064767,0.068156,0.070996,0.073202,0.074711,0.000000,0.075478,0.074711,0.073202,0.070996,0.068156,0.064767,0.060921,0.056721,0.052275,0.047689,0.043063,0.038491,0.034056,0.029825,0.025855,0.022186,0.018845,0.015844,0.013185,0.010862,0.008857,0.007149,0.005711,0.004517,0.003536,0.002740,0.002101,0.001595,0.001199,0.000892,0.000657,0.000479,0.000345,0.000247,0.000174,0.000122,0.000084,0.000058,0.000039,0.000026,0.000018,0.000012,0.000008,0.000005,0.000003,0.000002,0.000001,0.000001,0.000000
0.000000,0.000000,0.000001,0.000001,0.000002,0.000002,0.000004,0.000006,0.000009,0.000014,0.000022,0.000033,0.000049,0.000072,0.000106,0.000153,0.000218,0.000309,0.000432,0.000599,0.000822,0.001116,0.001501,0.001997,0.002630,0.003429,0.004426,0.005653,0.007149,0.008948,0.011086,0.013595,0.016504,0.019831,0.023587,0.027769,0.032362,0.037331,0.042626,0.048178,0.053900,0.059690,0.065431,0.070996,0.076252,0.081065,0.085308,0.088862,0.091624,0.093513,0.000000,0.094472,0.093513,0.091624,0.088862,0.085308,0.081065,0.076252,0.070996,0.065431,0.059690,0.053900,0.048178,0.042626,0.037331,0.032362,0.027769,0.023587,0.019831,0.016504,0.013595,0.011086,0.008948,0.007149,0.005653,0.004426,0.003429,0.002630,0.001997,0.001501,0.001116,0.000822,0.000599,0.000432,0.000309,0.000218,0.000153,0.000106,0.000072,0.000049,0.000033,0.000022,0.000014,0.000009,0.000006,0.000004,0.000002,0.000002,0.000001,0.000001
0.000000,0.000000,0.000001,0.000001,0.000002,0.000003,0.000005,0.000008,0.000012,0.000018,0.000027,0.000041,0.000061,0.000090,0.000131,0.000189,0.000270,0.000382,0.000535,0.000742,0.001018,0.001383,0.001859,0.002474,0.003259,0.004249,0.005483,0.007004,0.008857,0.011086,0.013735,0.016844,0.020447,0.024569,0.029223,0.034405,0.040095,0.046251,0.052811,0.059690,0.066780,0.073953,0.081065,0.087960,0.094472,0.100436,0.105693,0.110095,0.113517,0.115858,0.000000,0.117046,0.115858,0.113517,0.110095,0.105693,0.100436,0.094472,0.087960,0.081065,0.073953,0.066780,0.059690,0.052811,0.046251,0.040095,0.034405,0.029223,0.024569,0.020447,0.016844,0.013735,0.011086,0.008857,0.007004,0.005483,0.004249,0.003259,0.002474,0.001859,0.001383,0.001018,0.000742,0.000535,0.000382,0.000270,0.000189,0.000131,0.000090,0.000061,0.000041,0.000027,0.000018,0.000012,0.000008,0.000005,0.000003,0.000002,0.000001,0.000001
0.000000,0.000001,0.000001,0.000001,0.000002,0.000004,0.000006,0.000009,0.000014,0.000022,0.000033,0.000050,0.000075,0.000110,0.000161,0.000232,0.000331,0.000469,0.000657,0.000910,0.001249,0.001696,0.002280,0.003034,0.003996,0.005210,0.006724,0.008590,0.010862,0.013595,0.016844,0.020657,0.025076,0.030131,0.035838,0.042193,0.049171,0.056721,0.064767,0.073202,0.081897,0.090694,0.099416,0.107872,0.115858,0.123172,0.129619,0.135018,0.139215,0.142085,0.000000,0.143542,0.142085,0.139215,0.135018,0.129619,0.123172,0.115858,0.107872,0.099416,0.090694,0.081897,0.073202,0.064767,0.056721,0.049171,0.042193,0.035838,0.030131,0.025076,0.020657,0.016844,0.013595,0.010862,0.008590,0.006724,0.005210,0.003996,0.003034,0.002280,0.001696,0.001249,0.000910,0.000657,0.000469,0.000331,0.000232,0.000161,0.000110,0.000075,0.000050,0.000033,0.000022,0.000014,0.000009,0.000006,0.000004,0.000002,0.000001,0.000001
0.000000,0.000001,0.000001,0.000002,0.000003,0.000005,0.000007,0.000011,0.000017,0.000027,0.000041,0.000061,0.000091,0.000134,0.000195,0.000282,0.000402,0.000569,0.000797,0.001105,0.001516,0.002059,0.002768,0.003683,0.004851,0.006325,0.008163,0.010427,0.013185,0.016504,0.020447,0.025076,0.030440,0.036577,0.043505,0.051219,0.059690,0.068855,0.078622,0.088862,0.099416,0.110095,0.120684,0.130948,0.140642,0.149521,0.157347,0.163902,0.168996,0.172480,0.000000,0.174249,0.172480,0.168996,0.163902,0.157347,0.149521,0.140642,0.130948,0.120684,0.110095,0.099416,0.088862,0.078622,0.068855,0.059690,0.051219,0.043505,0.036577,0.030440,0.025076,0.020447,0.016504,0.013185,0.010427,0.008163,0.006325,0.004851,0.003683,0.002768,0.002059,0.001516,0.001105,0.000797,0.000569,0.000402,0.000282,0.000195,0.000134,0.000091,0.000061,0.000041,0.000027,0.000017,0.000011,0.000007,0.000005,0.000003,0.000002,0.000001
0.000000,0.000001,0.000001,0.000002,0.000003,0.000005,0.000009,0.000013,0.000021,0.000032,0.000049,0.000073,0.000109,0.000161,0.000234,0.000338,0.000484,0.000684,0.000958,0.001328,0.001822,0.002474,0.003326,0.004426,0.005829,0.007600,0.009808,0.012530,0.015844,0.019831,0.024569,0.030131,0.036577,0.043951,0.052275,0.061545,0.071724,0.082737,0.094472,0.106777,0.119459,0.132291,0.145014,0.157347,0.168996,0.179665,0.189068,0.196944,0.203066,0.207252,0.000000,0.209378,0.207252,0.203066,0.196944,0.189068,0.179665,0.168996,0.157347,0.145014,0.132291,0.119459,0.106777,0.094472,0.082737,0.071724,0.061545,0.052275,0.043951,0.036577,0.030131,0.024569,0.019831,0.015844,0.012530,0.009808,0.007600,0.005829,0.004426,0.003326,0.002474,0.001822,0.001328,0.000958,0.000684,0.000484,0.000338,0.000234,0.000161,0.000109,0.000073,0.000049,0.000032,0.000021,0.000013,0.000009,0.000005,0.000003,0.000002,0.000001
0.000000,0.000001,0.000002,0.000003,0.000004,0.000006,0.000010,0.000016,0.000025,0.000038,0.000058,0.000087,0.000130,0.000191,0.000279,0.000402,0.000575,0.000814,0.001139,0.001579,0.002167,0.002943,0.003956,0.005264,0.006933,0.009039,0.011666,0.014903,0.018845,0.023587,0.029223,0.035838,0.043505,0.052275,0.062177,0.073202,0.085308,0.098407,0.112365,0.127000,0.142085,0.157347,0.172480,0.187149,0.201004,0.213694,0.224879,0.234246,0.241527,0.246506,0.000000,0.249034,0.246506,0.241527,0.234246,0.224879,0.213694,0.201004,0.187149,0.172480,0.157347,0.142085,0.127000,0.112365,0.098407,0.085308,0.073202,0.062177,0.052275,0.043505,0.035838,0.029223,0.023587,0.018845,0.014903,0.011666,0.009039,0.006933,0.005264,0.003956,0.002943,0.002167,0.001579,0.001139,0.000814,0.000575,0.000402,0.000279,0.000191,0.000130,0.000087,0.000058,0.000038,0.000025,0.000016,0.000010,0.000006,0.000004,0.000003,0.000002
0.000000,0.000001,0.000002,0.000003,0.000005,0.000008,0.000012,0.000019,0.000029,0.000045,0.000068,0.000103,0.000153,0.000225,0.000328,0.000474,0.000677,0.000958,0.001341,0.001859,0.002551,0.003464,0.004657,0.006197,0.008163,0.010642,0.013735,0.017546,0.022186,0.027769,0.034405,0.042193,0.051219,0.061545,0.073202,0.086183,0.100436,0.115858,0.132291,0.149521,0.167281,0.185249,0.203066,0.220336,0.236648,0.251588,0.264756,0.275785,0.284357,0.290219,0.000000,0.293196,0.290219,0.284357,0.275785,0.264756,0.251588,0.236648,0.220336,0.203066,0.185249,0.167281,0.149521,0.132291,0.115858,0.100436,0.086183,0.073202,0.061545,0.051219,0.042193,0.034405,0.027769,0.022186,0.017546,0.013735,0.010642,0.008163,0.006197,0.004657,0.003464,0.002551,0.001859,0.001341,0.000958,0.000677,0.000474,0.000328,0.000225,0.000153,0.000103,0.000068,0.000045,0.000029,0.000019,0.000012,0.000008,0.000005,0.000003,0.000002
0.000000,0.000001,0.000002,0.000003,0.000006,0.000009,0.000014,0.000022,0.000034,0.000052,0.000079,0.000119,0.000178,0.000262,0.000382,0.000552,0.000789,0.001116,0.001563,0.002167,0.002973,0.004037,0.005427,0.007222,0.009513,0.012402,0.016006,0.020447,0.025855,0.032362,0.040095,0.049171,0.059690,0.071724,0.085308,0.100436,0.117046,0.135018,0.154169,0.174249,0.194945,0.215886,0.236648,0.256775,0.275785,0.293196,0.308541,0.321394,0.331383,0.338215,0.000000,0.341684,0.338215,0.331383,0.321394,0.308541,0.293196,0.275785,0.256775,0.236648,0.215886,0.194945,0.174249,0.154169,0.135018,0.117046,0.100436,0.085308,0.071724,0.059690,0.049171,0.040095,0.032362,0.025855,0.020447,0.016006,0.012402,0.009513,0.007222,0.005427,0.004037,0.002973,0.002167,0.001563,0.001116,0.000789,0.000552,0.000382,0.000262,0.000178,0.000119,0.000079,0.000052,0.000034,0.000022,0.000014,0.000009,0.000006,0.000003,0.000002
0.000000,0.000001,0.000002,0.000004,0.000006,0.000010,0.000016,0.000025,0.000039,0.000060,0.000092,0.000138,0.000205,0.000302,0.000441,0.000637,0.000910,0.001288,0.001803,0.002499,0.003429,0.004657,0.006261,0.008331,0.010973,0.014307,0.018464,0.023587,0.029825,0.037331,0.046251,0.056721,0.068855,0.082737,0.098407,0.115858,0.135018,0.155750,0.177841,0.201004,0.224879,0.249034,0.272985,0.296202,0.318131,0.338215,0.355917,0.370743,0.382267,0.390147,0.000000,0.394149,0.390147,0.382267,0.370743,0.355917,0.338215,0.318131,0.296202,0.272985,0.249034,0.224879,0.201004,0.177841,0.155750,0.135018,0.115858,0.098407,0.082737,0.068855,0.056721,0.046251,0.037331,0.029825,0.023587,0.018464,0.014307,0.010973,0.008331,0.006261,0.004657,0.003429,0.002499,0.001803,0.001288,0.000910,0.000637,0.000441,0.000302,0.000205,0.000138,0.000092,0.000060,0.000039,0.000025,0.000016,0.000010,0.000006,0.000004,0.000002
0.000000,0.000002,0.000003,0.000005,0.000007,0.000012,0.000018,0.000029,0.000045,0.000069,0.000105,0.000157,0.000234,0.000345,0.000504,0.000727,0.001039,0.001470,0.002059,0.002854,0.003916,0.005318,0.007149,0.009513,0.012530,0.016336,0.021083,0.026932,0.034056,0.042626,0.052811,0.064767,0.078622,0.094472,0.112365,0.132291,0.154169,0.177841,0.203066,0.229515,0.256775,0.284357,0.311705,0.338215,0.363254,0.386187,0.406400,0.423329,0.436487,0.445485,0.000000,0.450054,0.445485,0.436487,0.423329,0.406400,0.386187,0.363254,0.338215,0.311705,0.284357,0.256775,0.229515,0.203066,0.177841,0.154169,0.132291,0.112365,0.094472,0.078622,0.064767,0.052811,0.042626,0.034056,0.026932,0.021083,0.016336,0.012530,0.009513,0.007149,0.005318,0.003916,0.002854,0.002059,0.001470,0.001039,0.000727,0.000504,0.000345,0.000234,0.000157,0.000105,0.000069,0.000045,0.000029,0.000018,0.000012,0.000007,0.000005,0.000003
0.000000,0.000002,0.000003,0.000005,0.000008,0.000013,0.000021,0.000033,0.000051,0.000078,0.000118,0.000178,0.000265,0.000390,0.000569,0.000822,0.001175,0.001662,0.002327,0.003226,0.004426,0.006010,0.008080,0.010752,0.014162,0.018464,0.023829,0.030440,0.038491,0.048178,0.059690,0.073202,0.088862,0.106777,0.127000,0.149521,0.174249,0.201004,0.229515,0.259408,0.290219,0.321394,0.352304,0.382267,0.410567,0.436487,0.459332,0.478466,0.493338,0.503509,0.000000,0.508672,0.503509,0.493338,0.478466,0.459332,0.436487,0.410567,0.382267,0.352304,0.321394,0.290219,0.259408,0.229515,0.201004,0.174249,0.149521,0.127000,0.106777,0.088862,0.073202,0.059690,0.048178,0.038491,0.030440,0.023829,0.018464,0.014162,0.010752,0.008080,0.006010,0.004426,0.003226,0.002327,0.001662,0.001175,0.000822,0.000569,0.000390,0.000265,0.000178,0.000118,0.000078,0.000051,0.000033,0.000021,0.000013,0.000008,0.000005,0.000003
0.000000,0.000002,0.000004,0.000006,0.000009,0.000015,0.000023,0.000037,0.000057,0.000087,0.000132,0.000199,0.000296,0.000437,0.000637,0.000920,0.001314,0.001859,0.002603,0.003609,0.004951,0.006724,0.009039,0.012029,0.015844,0.020657,0.026659,0.034056,0.043063,0.053900,0.066780,0.081897,0.099416,0.119459,0.142085,0.167281,0.194945,0.224879,0.256775,0.290219,0.324690,0.359567,0.394149,0.427670,0.459332,0.488330,0.513889,0.535296,0.551934,0.563312,0.000000,0.569089,0.563312,0.551934,0.535296,0.513889,0.488330,0.459332,0.427670,0.394149,0.359567,0.324690,0.290219,0.256775,0.224879,0.194945,0.167281,0.142085,0.119459,0.099416,0.081897,0.066780,0.053900,0.043063,0.034056,0.026659,0.020657,0.015844,0.012029,0.009039,0.006724,0.004951,0.003609,0.002603,0.001859,0.001314,0.000920,0.000637,0.000437,0.000296,0.000199,0.000132,0.000087,0.000057,0.000037,0.000023,0.000015,0.000009,0.000006,0.000004
0.000000,0.000002,0.000004,0.000006,0.000010,0.000016,0.000026,0.000041,0.000063,0.000096,0.000147,0.000220,0.000328,0.000484,0.000705,0.001018,0.001455,0.002059,0.002883,0.003996,0.005483,0.007447,0.010010,0.013321,0.017546,0.022876,0.029523,0.037714,0.047689,0.059690,0.073953,0.090694,0.110095,0.132291,0.157347,0.185249,0.215886,0.249034,0.284357,0.321394,0.359567,0.398191,0.436487,0.473609,0.508672,0.540785,0.569089,0.592795,0.611221,0.623822,0.000000,0.630219,0.623822,0.611221,0.592795,0.569089,0.540785,0.508672,0.473609,0.436487,0.398191,0.359567,0.321394,0.284357,0.249034,0.215886,0.185249,0.157347,0.132291,0.110095,0.090694,0.073953,0.059690,0.047689,0.037714,0.029523,0.022876,0.017546,0.013321,0.010010,0.007447,0.005483,0.003996,0.002883,0.002059,0.001455,0.001018,0.000705,0.000484,0.000328,0.000220,0.000147,0.000096,0.000063,0.000041,0.000026,0.000016,0.000010,0.000006,0.000004
0.000000,0.000003,0.000004,0.000007,0.000011,0.000018,0.000028,0.000044,0.000069,0.000106,0.000161,0.000242,0.000360,0.000530,0.000773,0.001116,0.001595,0.002257,0.003160,0.004381,0.006010,0.008163,0.010973,0.014602,0.019233,0.025076,0.032362,0.041341,0.052275,0.065431,0.081065,0.099416,0.120684,0.145014,0.172480,0.203066,0.236648,0.272985,0.311705,0.352304,0.394149,0.436487,0.478466,0.519159,0.557594,0.592795,0.623822,0.649808,0.670006,0.683818,0.000000,0.690831,0.683818,0.670006,0.649808,0.623822,0.592795,0.557594,0.519159,0.478466,0.436487,0.394149,0.352304,0.311705,0.272985,0.236648,0.203066,0.172480,0.145014,0.120684,0.099416,0.081065,0.065431,0.052275,0.041341,0.032362,0.025076,0.019233,0.014602,0.010973,0.008163,0.006010,0.004381,0.003160,0.002257,0.001595,0.001116,0.000773,0.000530,0.000360,0.000242,0.000161,0.000106,0.000069,0.000044,0.000028,0.000018,0.000011,0.000007,0.000004
0.000000,0.000003,0.000005,0.000008,0.000012,0.000019,0.000031,0.000048,0.000075,0.000115,0.000174,0.000262,0.000390,0.000575,0.000839,0.001211,0.001731,0.002449,0.003429,0.004753,0.006522,0.008857,0.011907,0.015844,0.020869,0.027209,0.035114,0.044857,0.056721,0.070996,0.087960,0.107872,0.130948,0.157347,0.187149,0.220336,0.256775,0.296202,0.338215,0.382267,0.427670,0.473609,0.519159,0.563312,0.605016,0.643212,0.676877,0.705073,0.726988,0.741976,0.000000,0.749585,0.741976,0.726988,0.705073,0.676877,0.643212,0.605016,0.563312,0.519159,0.473609,0.427670,0.382267,0.338215,0.296202,0.256775,0.220336,0.187149,0.157347,0.130948,0.107872,0.087960,0.070996,0.056721,0.044857,0.035114,0.027209,0.020869,0.015844,0.011907,0.008857,0.006522,0.004753,0.003429,0.002449,0.001731,0.001211,0.000839,0.000575,0.000390,0.000262,0.000174,0.000115,0.000075,0.000048,0.000031,0.000019,0.000012,0.000008,0.000005
