0.000000,0.000000,0.000000,0.000000,0.000000,0.000000,0.000000,0.000000,0.000000,0.000000,0.000000,0.000000,0.000000,0.000000,0.000000,0.000000,0.000000,0.000000,0.000000,0.000000,0.000000,0.000000,0.000000,0.000000,0.000000,0.000000,0.000000,0.000000,0.000000,0.000000,0.000000,0.000000,0.000000,0.000000,0.000000,0.000000,0.000000,0.000000,0.000000,0.000000,0.000000,0.000000,0.000000,0.000000,0.000000,0.000000,0.000000,0.000000,0.000000,0.000000,0.000000,0.000000,0.000000,0.000000,0.000000,0.000000,0.000000,0.000000,0.000000,0.000000,0.000000,0.000000,0.000000,0.000000,0.000000,0.000000,0.000000,0.000000,0.000000,0.000000,0.000000,0.000000,0.000000,0.000000,0.000000,0.000000,0.000000,0.000000,0.000000,0.000000,0.000000,0.000000,0.000000,0.000000,0.000000,0.000000,0.000000,0.000000,0.000000,0.000000,0.000000,0.000000,0.000000,0.000000,0.000000,0.000000,0.000000,0.000000,0.000000,0.000000
0.000000,0.000000,0.000000,0.000000,0.000001,0.000001,0.000001,0.000001,0.000002,0.000002,0.000003,0.000004,0.000005,0.000006,0.000007,0.000009,0.000011,0.000013,0.000016,0.000019,0.000022,0.000026,0.000031,0.000036,0.000042,0.000048,0.000056,0.000064,0.000072,0.000082,0.000092,0.000102,0.000114,0.000125,0.000138,0.000150,0.000163,0.000176,0.000188,0.000201,0.000213,0.000224,0.000235,0.000244,0.000253,0.000260,0.000266,0.000271,0.000274,0.000276,0.000276,0.000274,0.000271,0.000266,0.000260,0.000253,0.000244,0.000235,0.000224,0.000213,0.000201,0.000188,0.000176,0.000163,0.000150,0.000138,0.000125,0.000114,0.000102,0.000092,0.000082,0.000072,0.000064,0.000056,0.000048,0.000042,0.000036,0.000031,0.000026,0.000022,0.000019,0.000016,0.000013,0.000011,0.000009,0.000007,0.000006,0.000005,0.000004,0.000003,0.000002,0.000002,0.000001,0.000001,0.000001,0.000001,0.000000,0.000000,0.000000,0.000000
0.000000,0.000000,0.000001,0.000001,0.000001,0.000002,0.000002,0.000003,0.000004,0.000005,0.000006,0.000008,0.000010,0.000012,0.000015,0.000018,0.000022,0.000027,0.000032,0.000038,0.000046,0.000054,0.000064,0.000074,0.000087,0.000100,0.000115,0.000131,0.000149,0.000169,0.000189,0.000211,0.000235,0.000259,0.000284,0.000310,0.000336,0.000362,0.000388,0.000414,0.000439,0.000462,0.000484,0.000504,0.000522,0.000537,0.000550,0.000560,0.000566,0.000569,0.000569,0.000566,0.000560,0.000550,0.000537,0.000522,0.000504,0.000484,0.000462,0.000439,0.000414,0.000388,0.000362,0.000336,0.000310,0.000284,0.000259,0.000235,0.000211,0.000189,0.000169,0.000149,0.000131,0.000115,0.000100,0.000087,0.000074,0.000064,0.000054,0.000046,0.000038,0.000032,0.000027,0.000022,0.000018,0.000015,0.000012,0.000010,0.000008,0.000006,0.000005,0.000004,0.000003,0.000002,0.000002,0.000001,0.000001,0.000001,0.000000,0.000000
0.000000,0.000000,0.000001,0.000001,0.000002,0.000003,0.000004,0.000005,0.000006,0.000008,0.000010,0.000012,0.000015,0.000019,0.000023,0.000029,0.000035,0.000042,0.000051,0.000061,0.000072,0.000086,0.000101,0.000118,0.000137,0.000158,0.000182,0.000207,0.000236,0.000266,0.000299,0.000334,0.000370,0.000409,0.000448,0.000489,0.000531,0.000572,0.000613,0.000654,0.000693,0.000730,0.000764,0.000796,0.000824,0.000849,0.000868,0.000884,0.000894,0.000899,0.000899,0.000894,0.000884,0.000868,0.000849,0.000824,0.000796,0.000764,0.000730,0.000693,0.000654,0.000613,0.000572,0.000531,0.000489,0.000448,0.000409,0.000370,0.000334,0.000299,0.000266,0.000236,0.000207,0.000182,0.000158,0.000137,0.000118,0.000101,0.000086,0.000072,0.000061,0.000051,0.000042,0.000035,0.000029,0.000023,0.000019,0.000015,0.000012,0.000010,0.000008,0.000006,0.000005,0.000004,0.000003,0.000002,0.000001,0.000001,0.000000,0.000000
0.000000,0.000001,0.000001,0.000002,0.000003,0.000004,0.000005,0.000007,0.000009,0.000011,0.000014,0.000018,0.000022,0.000027,0.000033,0.000041,0.000050,0.000060,0.000073,0.000087,0.000103,0.000122,0.000144,0.000168,0.000195,0.000226,0.000259,0.000296,0.000337,0.000380,0.000427,0.000477,0.000529,0.000584,0.000641,0.000699,0.000758,0.000817,0.000876,0.000934,0.000990,0.001043,0.001092,0.001137,0.001178,0.001212,0.001241,0.001263,0.001277,0.001285,0.001285,0.001277,0.001263,0.001241,0.001212,0.001178,0.001137,0.001092,0.001043,0.000990,0.000934,0.000876,0.000817,0.000758,0.000699,0.000641,0.000584,0.000529,0.000477,0.000427,0.000380,0.000337,0.000296,0.000259,0.000226,0.000195,0.000168,0.000144,0.000122,0.000103,0.000087,0.000073,0.000060,0.000050,0.000041,0.000033,0.000027,0.000022,0.000018,0.000014,0.000011,0.000009,0.000007,0.000005,0.000004,0.000003,0.000002,0.000001,0.000001,0.000000
0.000000,0.000001,0.000002,0.000003,0.000004,0.000005,0.000007,0.000009,0.000012,0.000015,0.000019,0.000024,0.000030,0.000037,0.000045,0.000056,0.000068,0.000082,0.000099,0.000118,0.000141,0.000166,0.000196,0.000229,0.000266,0.000307,0.000353,0.000403,0.000458,0.000517,0.000581,0.000649,0.000720,0.000795,0.000872,0.000951,0.001031,0.001112,0.001192,0.001271,0.001346,0.001419,0.001486,0.001547,0.001602,0.001649,0.001688,0.001718,0.001738,0.001748,0.001748,0.001738,0.001718,0.001688,0.001649,0.001602,0.001547,0.001486,0.001419,0.001346,0.001271,0.001192,0.001112,0.001031,0.000951,0.000872,0.000795,0.000720,0.000649,0.000581,0.000517,0.000458,0.000403,0.000353,0.000307,0.000266,0.000229,0.000196,0.000166,0.000141,0.000118,0.000099,0.000082,0.000068,0.000056,0.000045,0.000037,0.000030,0.000024,0.000019,0.000015,0.000012,0.000009,0.000007,0.000005,0.000004,0.000003,0.000002,0.000001,0.000000
0.000000,0.000001,0.000002,0.000004,0.000005,0.000007,0.000009,0.000012,0.000016,0.000020,0.000025,0.000032,0.000039,0.000049,0.000060,0.000074,0.000090,0.000109,0.000131,0.000156,0.000186,0.000220,0.000259,0.000303,0.000352,0.000407,0.000467,0.000534,0.000606,0.000685,0.000769,0.000858,0.000953,0.001052,0.001154,0.001258,0.001365,0.001472,0.001578,0.001682,0.001782,0.001877,0.001966,0.002048,0.002120,0.002183,0.002234,0.002273,0.002300,0.002313,0.002313,0.002300,0.002273,0.002234,0.002183,0.002120,0.002048,0.001966,0.001877,0.001782,0.001682,0.001578,0.001472,0.001365,0.001258,0.001154,0.001052,0.000953,0.000858,0.000769,0.000685,0.000606,0.000534,0.000467,0.000407,0.000352,0.000303,0.000259,0.000220,0.000186,0.000156,0.000131,0.000109,0.000090,0.000074,0.000060,0.000049,0.000039,0.000032,0.000025,0.000020,0.000016,0.000012,0.000009,0.000007,0.000005,0.000004,0.000002,0.000001,0.000000
0.000000,0.000001,0.000003,0.000005,0.000007,0.000009,0.000012,0.000016,0.000020,0.000026,0.000033,0.000041,0.000051,0.000064,0.000078,0.000096,0.000117,0.000141,0.000170,0.000203,0.000242,0.000286,0.000337,0.000394,0.000458,0.000529,0.000608,0.000694,0.000789,0.000891,0.001000,0.001116,0.001239,0.001368,0.001500,0.001637,0.001775,0.001914,0.002052,0.002187,0.002317,0.002441,0.002557,0.002663,0.002757,0.002838,0.002905,0.002956,0.002990,0.003008,0.003008,0.002990,0.002956,0.002905,0.002838,0.002757,0.002663,0.002557,0.002441,0.002317,0.002187,0.002052,0.001914,0.001775,0.001637,0.001500,0.001368,0.001239,0.001116,0.001000,0.000891,0.000789,0.000694,0.000608,0.000529,0.000458,0.000394,0.000337,0.000286,0.000242,0.000203,0.000170,0.000141,0.000117,0.000096,0.000078,0.000064,0.000051,0.000041,0.000033,0.000026,0.000020,0.000016,0.000012,0.000009,0.000007,0.000005,0.000003,0.000001,0.000000
0.000000,0.000002,0.000004,0.000006,0.000009,0.000012,0.000016,0.000020,0.000026,0.000033,0.000042,0.000053,0.000066,0.000082,0.000101,0.000123,0.000150,0.000181,0.000218,0.000261,0.000311,0.000368,0.000433,0.000506,0.000588,0.000679,0.000781,0.000892,0.001013,0.001144,0.001285,0.001434,0.001592,0.001757,0.001928,0.002103,0.002280,0.002459,0.002636,0.002809,0.002977,0.003137,0.003285,0.003421,0.003543,0.003647,0.003732,0.003798,0.003842,0.003864,0.003864,0.003842,0.003798,0.003732,0.003647,0.003543,0.003421,0.003285,0.003137,0.002977,0.002809,0.002636,0.002459,0.002280,0.002103,0.001928,0.001757,0.001592,0.001434,0.001285,0.001144,0.001013,0.000892,0.000781,0.000679,0.000588,0.000506,0.000433,0.000368,0.000311,0.000261,0.000218,0.000181,0.000150,0.000123,0.000101,0.000082,0.000066,0.000053,0.000042,0.000033,0.000026,0.000020,0.000016,0.000012,0.000009,0.000006,0.000004,0.000002,0.000000
0.000000,0.000002,0.000005,0.000008,0.000011,0.000015,0.000020,0.000026,0.000033,0.000042,0.000054,0.000067,0.000084,0.000104,0.000128,0.000157,0.000191,0.000231,0.000278,0.000333,0.000396,0.000468,0.000551,0.000644,0.000748,0.000865,0.000994,0.001136,0.001290,0.001457,0.001636,0.001826,0.002027,0.002236,0.002454,0.002677,0.002903,0.003130,0.003355,0.003576,0.003789,0.003992,0.004182,0.004355,0.004509,0.004642,0.004751,0.004834,0.004890,0.004919,0.004919,0.004890,0.004834,0.004751,0.004642,0.004509,0.004355,0.004182,0.003992,0.003789,0.003576,0.003355,0.003130,0.002903,0.002677,0.002454,0.002236,0.002027,0.001826,0.001636,0.001457,0.001290,0.001136,0.000994,0.000865,0.000748,0.000644,0.000551,0.000468,0.000396,0.000333,0.000278,0.000231,0.000191,0.000157,0.000128,0.000104,0.000084,0.000067,0.000054,0.000042,0.000033,0.000026,0.000020,0.000015,0.000011,0.000008,0.000005,0.000002,0.000000
0.000000,0.000003,0.000006,0.000010,0.000014,0.000019,0.000025,0.000033,0.000042,0.000054,0.000068,0.000085,0.000106,0.000131,0.000162,0.000198,0.000241,0.000292,0.000351,0.000420,0.000500,0.000591,0.000696,0.000813,0.000945,0.001093,0.001256,0.001434,0.001629,0.001840,0.002066,0.002306,0.002560,0.002825,0.003099,0.003381,0.003666,0.003953,0.004238,0.004517,0.004786,0.005043,0.005282,0.005501,0.005695,0.005863,0.006000,0.006105,0.006177,0.006212,0.006212,0.006177,0.006105,0.006000,0.005863,0.005695,0.005501,0.005282,0.005043,0.004786,0.004517,0.004238,0.003953,0.003666,0.003381,0.003099,0.002825,0.002560,0.002306,0.002066,0.001840,0.001629,0.001434,0.001256,0.001093,0.000945,0.000813,0.000696,0.000591,0.000500,0.000420,0.000351,0.000292,0.000241,0.000198,0.000162,0.000131,0.000106,0.000085,0.000068,0.000054,0.000042,0.000033,0.000025,0.000019,0.000014,0.000010,0.000006,0.000003,0.000000
0.000000,0.000004,0.000008,0.000012,0.000018,0.000024,0.000032,0.000041,0.000053,0.000067,0.000085,0.000107,0.000133,0.000165,0.000203,0.000249,0.000303,0.000366,0.000441,0.000527,0.000627,0.000742,0.000873,0.001020,0.001186,0.001371,0.001575,0.001799,0.002044,0.002308,0.002592,0.002893,0.003211,0.003544,0.003888,0.004241,0.004599,0.004959,0.005316,0.005666,0.006004,0.006325,0.006626,0.006900,0.007144,0.007354,0.007527,0.007659,0.007748,0.007793,0.007793,0.007748,0.007659,0.007527,0.007354,0.007144,0.006900,0.006626,0.006325,0.006004,0.005666,0.005316,0.004959,0.004599,0.004241,0.003888,0.003544,0.003211,0.002893,0.002592,0.002308,0.002044,0.001799,0.001575,0.001371,0.001186,0.001020,0.000873,0.000742,0.000627,0.000527,0.000441,0.000366,0.000303,0.000249,0.000203,0.000165,0.000133,0.000107,0.000085,0.000067,0.000053,0.000041,0.000032,0.000024,0.000018,0.000012,0.000008,0.000004,0.000000
0.000000,0.000005,0.000010,0.000015,0.000022,0.000030,0.000039,0.000051,0.000066,0.000084,0.000106,0.000133,0.000166,0.000205,0.000253,0.000310,0.000377,0.000457,0.000549,0.000657,0.000782,0.000925,0.001088,0.001272,0.001478,0.001709,0.001963,0.002243,0.002548,0.002877,0.003231,0.003607,0.004003,0.004417,0.004846,0.005286,0.005733,0.006181,0.006626,0.007062,0.007484,0.007884,0.008258,0.008600,0.008905,0.009166,0.009381,0.009546,0.009657,0.009713,0.009713,0.009657,0.009546,0.009381,0.009166,0.008905,0.008600,0.008258,0.007884,0.007484,0.007062,0.006626,0.006181,0.005733,0.005286,0.004846,0.004417,0.004003,0.003607,0.003231,0.002877,0.002548,0.002243,0.001963,0.001709,0.001478,0.001272,0.001088,0.000925,0.000782,0.000657,0.000549,0.000457,0.000377,0.000310,0.000253,0.000205,0.000166,0.000133,0.000106,0.000084,0.000066,0.000051,0.000039,0.000030,0.000022,0.000015,0.000010,0.000005,0.000000
0.000000,0.000006,0.000012,0.000019,0.000027,0.000037,0.000049,0.000064,0.000082,0.000104,0.000131,0.000165,0.000205,0.000255,0.000314,0.000384,0.000467,0.000566,0.000681,0.000815,0.000969,0.001146,0.001348,0.001576,0.001832,0.002117,0.002433,0.002779,0.003157,0.003565,0.004003,0.004468,0.004959,0.005472,0.006004,0.006549,0.007102,0.007658,0.008209,0.008749,0.009271,0.009767,0.010231,0.010654,0.011031,0.011356,0.011622,0.011826,0.011964,0.012033,0.012033,0.011964,0.011826,0.011622,0.011356,0.011031,0.010654,0.010231,0.009767,0.009271,0.008749,0.008209,0.007658,0.007102,0.006549,0.006004,0.005472,0.004959,0.004468,0.004003,0.003565,0.003157,0.002779,0.002433,0.002117,0.001832,0.001576,0.001348,0.001146,0.000969,0.000815,0.000681,0.000566,0.000467,0.000384,0.000314,0.000255,0.000205,0.000165,0.000131,0.000104,0.000082,0.000064,0.000049,0.000037,0.000027,0.000019,0.000012,0.000006,0.000000
0.000000,0.000007,0.000015,0.000023,0.000033,0.000045,0.000060,0.000078,0.000101,0.000128,0.000162,0.000203,0.000253,0.000314,0.000386,0.000473,0.000576,0.000697,0.000839,0.001003,0.001194,0.001412,0.001660,0.001941,0.002256,0.002607,0.002996,0.003423,0.003888,0.004390,0.004930,0.005503,0.006108,0.006740,0.007394,0.008065,0.008746,0.009431,0.010110,0.010775,0.011417,0.012029,0.012599,0.013121,0.013585,0.013984,0.014312,0.014563,0.014733,0.014818,0.014818,0.014733,0.014563,0.014312,0.013984,0.013585,0.013121,0.012599,0.012029,0.011417,0.010775,0.010110,0.009431,0.008746,0.008065,0.007394,0.006740,0.006108,0.005503,0.004930,0.004390,0.003888,0.003423,0.002996,0.002607,0.002256,0.001941,0.001660,0.001412,0.001194,0.001003,0.000839,0.000697,0.000576,0.000473,0.000386,0.000314,0.000253,0.000203,0.000162,0.000128,0.000101,0.000078,0.000060,0.000045,0.000033,0.000023,0.000015,0.000007,0.000000
0.000000,0.000009,0.000018,0.000029,0.000041,0.000056,0.000074,0.000096,0.000123,0.000157,0.000198,0.000249,0.000310,0.000384,0.000473,0.000579,0.000705,0.000853,0.001027,0.001229,0.001461,0.001729,0.002033,0.002376,0.002762,0.003192,0.003668,0.004191,0.004760,0.005376,0.006036,0.006738,0.007478,0.008251,0.009053,0.009874,0.010708,0.011546,0.012377,0.013191,0.013978,0.014726,0.015425,0.016063,0.016632,0.017121,0.017522,0.017829,0.018037,0.018142,0.018142,0.018037,0.017829,0.017522,0.017121,0.016632,0.016063,0.015425,0.014726,0.013978,0.013191,0.012377,0.011546,0.010708,0.009874,0.009053,0.008251,0.007478,0.006738,0.006036,0.005376,0.004760,0.004191,0.003668,0.003192,0.002762,0.002376,0.002033,0.001729,0.001461,0.001229,0.001027,0.000853,0.000705,0.000579,0.000473,0.000384,0.000310,0.000249,0.000198,0.000157,0.000123,0.000096,0.000074,0.000056,0.000041,0.000029,0.000018,0.000009,0.000000
0.000000,0.000011,0.000022,0.000035,0.000050,0.000068,0.000090,0.000117,0.000150,0.000191,0.000241,0.000303,0.000377,0.000467,0.000576,0.000705,0.000858,0.001039,0.001250,0.001496,0.001779,0.002104,0.002474,0.002893,0.003363,0.003886,0.004465,0.005101,0.005794,0.006543,0.007347,0.008201,0.009102,0.010044,0.011019,0.012019,0.013034,0.014054,0.015065,0.016057,0.017014,0.017925,0.018775,0.019552,0.020244,0.020839,0.021327,0.021701,0.021954,0.022082,0.022082,0.021954,0.021701,0.021327,0.020839,0.020244,0.019552,0.018775,0.017925,0.017014,0.016057,0.015065,0.014054,0.013034,0.012019,0.011019,0.010044,0.009102,0.008201,0.007347,0.006543,0.005794,0.005101,0.004465,0.003886,0.003363,0.002893,0.002474,0.002104,0.001779,0.001496,0.001250,0.001039,0.000858,0.000705,0.000576,0.000467,0.000377,0.000303,0.000241,0.000191,0.000150,0.000117,0.000090,0.000068,0.000050,0.000035,0.000022,0.000011,0.000000
0.000000,0.000013,0.000027,0.000042,0.000060,0.000082,0.000109,0.000141,0.000181,0.000231,0.000292,0.000366,0.000457,0.000566,0.000697,0.000853,0.001039,0.001257,0.001513,0.001810,0.002153,0.002547,0.002995,0.003501,0.004070,0.004703,0.005404,0.006174,0.007012,0.007919,0.008891,0.009925,0.011015,0.012155,0.013335,0.014545,0.015774,0.017007,0.018231,0.019431,0.020590,0.021692,0.022720,0.023661,0.024498,0.025218,0.025809,0.026261,0.026567,0.026722,0.026722,0.026567,0.026261,0.025809,0.025218,0.024498,0.023661,0.022720,0.021692,0.020590,0.019431,0.018231,0.017007,0.015774,0.014545,0.013335,0.012155,0.011015,0.009925,0.008891,0.007919,0.007012,0.006174,0.005404,0.004703,0.004070,0.003501,0.002995,0.002547,0.002153,0.001810,0.001513,0.001257,0.001039,0.000853,0.000697,0.000566,0.000457,0.000366,0.000292,0.000231,0.000181,0.000141,0.000109,0.000082,0.000060,0.000042,0.000027,0.000013,0.000000
0.000000,0.000016,0.000032,0.000051,0.000073,0.000099,0.000131,0.000170,0.000218,0.000278,0.000351,0.000441,0.000549,0.000681,0.000839,0.001027,0.001250,0.001513,0.001821,0.002178,0.002591,0.003065,0.003604,0.004213,0.004897,0.005659,0.006503,0.007429,0.008438,0.009528,0.010698,0.011942,0.013254,0.014625,0.016045,0.017501,0.018979,0.020463,0.021936,0.023379,0.024773,0.026099,0.027337,0.028468,0.029475,0.030341,0.031052,0.031596,0.031965,0.032150,0.032150,0.031965,0.031596,0.031052,0.030341,0.029475,0.028468,0.027337,0.026099,0.024773,0.023379,0.021936,0.020463,0.018979,0.017501,0.016045,0.014625,0.013254,0.011942,0.010698,0.009528,0.008438,0.007429,0.006503,0.005659,0.004897,0.004213,0.003604,0.003065,0.002591,0.002178,0.001821,0.001513,0.001250,0.001027,0.000839,0.000681,0.000549,0.000441,0.000351,0.000278,0.000218,0.000170,0.000131,0.000099,0.000073,0.000051,0.000032,0.000016,0.000000
0.000000,0.000019,0.000038,0.000061,0.000087,0.000118,0.000156,0.000203,0.000261,0.000333,0.000420,0.000527,0.000657,0.000815,0.001003,0.001229,0.001496,0.001810,0.002178,0.002606,0.003100,0.003666,0.004311,0.005040,0.005859,0.006771,0.007779,0.008887,0.010094,0.011399,0.012798,0.014286,0.015856,0.017496,0.019194,0.020936,0.022704,0.024479,0.026241,0.027967,0.029635,0.031221,0.032701,0.034054,0.035259,0.036295,0.037146,0.037797,0.038237,0.038459,0.038459,0.038237,0.037797,0.037146,0.036295,0.035259,0.034054,0.032701,0.031221,0.029635,0.027967,0.026241,0.024479,0.022704,0.020936,0.019194,0.017496,0.015856,0.014286,0.012798,0.011399,0.010094,0.008887,0.007779,0.006771,0.005859,0.005040,0.004311,0.003666,0.003100,0.002606,0.002178,0.001810,0.001496,0.001229,0.001003,0.000815,0.000657,0.000527,0.000420,0.000333,0.000261,0.000203,0.000156,0.000118,0.000087,0.000061,0.000038,0.000019,0.000000
0.000000,0.000022,0.000046,0.000072,0.000103,0.000141,0.000186,0.000242,0.000311,0.000396,0.000500,0.000627,0.000782,0.000969,0.001194,0.001461,0.001779,0.002153,0.002591,0.003100,0.003688,0.004361,0.005128,0.005995,0.006969,0.008053,0.009253,0.010571,0.012006,0.013558,0.015222,0.016992,0.018859,0.020809,0.022829,0.024901,0.027004,0.029115,0.031210,0.033263,0.035247,0.037133,0.038894,0.040503,0.041935,0.043167,0.044179,0.044954,0.045477,0.045742,0.045742,0.045477,0.044954,0.044179,0.043167,0.041935,0.040503,0.038894,0.037133,0.035247,0.033263,0.031210,0.029115,0.027004,0.024901,0.022829,0.020809,0.018859,0.016992,0.015222,0.013558,0.012006,0.010571,0.009253,0.008053,0.006969,0.005995,0.005128,0.004361,0.003688,0.003100,0.002591,0.002153,0.001779,0.001461,0.001194,0.000969,0.000782,0.000627,0.000500,0.000396,0.000311,0.000242,0.000186,0.000141,0.000103,0.000072,0.000046,0.000022,0.000000
0.000000,0.000026,0.000054,0.000086,0.000122,0.000166,0.000220,0.000286,0.000368,0.000468,0.000591,0.000742,0.000925,0.001146,0.001412,0.001729,0.002104,0.002547,0.003065,0.003666,0.004361,0.005158,0.006065,0.007090,0.008241,0.009524,0.010943,0.012501,0.014199,0.016034,0.018002,0.020095,0.022302,0.024608,0.026997,0.029446,0.031933,0.034430,0.036907,0.039335,0.041680,0.043910,0.045992,0.047895,0.049589,0.051046,0.052242,0.053158,0.053777,0.054090,0.054090,0.053777,0.053158,0.052242,0.051046,0.049589,0.047895,0.045992,0.043910,0.041680,0.039335,0.036907,0.034430,0.031933,0.029446,0.026997,0.024608,0.022302,0.020095,0.018002,0.016034,0.014199,0.012501,0.010943,0.009524,0.008241,0.007090,0.006065,0.005158,0.004361,0.003666,0.003065,0.002547,0.002104,0.001729,0.001412,0.001146,0.000925,0.000742,0.000591,0.000468,0.000368,0.000286,0.000220,0.000166,0.000122,0.000086,0.000054,0.000026,0.000000
0.000000,0.000031,0.000064,0.000101,0.000144,0.000196,0.000259,0.000337,0.000433,0.000551,0.000696,0.000873,0.001088,0.001348,0.001660,0.002033,0.002474,0.002995,0.003604,0.004311,0.005128,0.006065,0.007131,0.008337,0.009690,0.011198,0.012867,0.014699,0.016695,0.018852,0.021166,0.023627,0.026221,0.028933,0.031742,0.034622,0.037545,0.040480,0.043393,0.046247,0.049004,0.051626,0.054074,0.056311,0.058302,0.060015,0.061422,0.062498,0.063227,0.063594,0.063594,0.063227,0.062498,0.061422,0.060015,0.058302,0.056311,0.054074,0.051626,0.049004,0.046247,0.043393,0.040480,0.037545,0.034622,0.031742,0.028933,0.026221,0.023627,0.021166,0.018852,0.016695,0.014699,0.012867,0.011198,0.009690,0.008337,0.007131,0.006065,0.005128,0.004311,0.003604,0.002995,0.002474,0.002033,0.001660,0.001348,0.001088,0.000873,0.000696,0.000551,0.000433,0.000337,0.000259,0.000196,0.000144,0.000101,0.000064,0.000031,0.000000
0.000000,0.000036,0.000074,0.000118,0.000168,0.000229,0.000303,0.000394,0.000506,0.000644,0.000813,0.001020,0.001272,0.001576,0.001941,0.002376,0.002893,0.003501,0.004213,0.005040,0.005995,0.007090,0.008337,0.009746,0.011328,0.013091,0.015042,0.017183,0.019516,0.022038,0.024743,0.027620,0.030653,0.033823,0.037105,0.040472,0.043889,0.047320,0.050725,0.054061,0.057284,0.060348,0.063210,0.065825,0.068152,0.070155,0.071799,0.073057,0.073908,0.074338,0.074338,0.073908,0.073057,0.071799,0.070155,0.068152,0.065825,0.063210,0.060348,0.057284,0.054061,0.050725,0.047320,0.043889,0.040472,0.037105,0.033823,0.030653,0.027620,0.024743,0.022038,0.019516,0.017183,0.015042,0.013091,0.011328,0.009746,0.008337,0.007090,0.005995,0.005040,0.004213,0.003501,0.002893,0.002376,0.001941,0.001576,0.001272,0.001020,0.000813,0.000644,0.000506,0.000394,0.000303,0.000229,0.000168,0.000118,0.000074,0.000036,0.000000
0.000000,0.000042,0.000087,0.000137,0.000195,0.000266,0.000352,0.000458,0.000588,0.000748,0.000945,0.001186,0.001478,0.001832,0.002256,0.002762,0.003363,0.004070,0.004897,0.005859,0.006969,0.008241,0.009690,0.011328,0.013167,0.015216,0.017483,0.019972,0.022684,0.025615,0.028758,0.032102,0.035627,0.039311,0.043126,0.047038,0.051010,0.054997,0.058954,0.062831,0.066577,0.070139,0.073464,0.076503,0.079208,0.081535,0.083446,0.084908,0.085898,0.086396,0.086396,0.085898,0.084908,0.083446,0.081535,0.079208,0.076503,0.073464,0.070139,0.066577,0.062831,0.058954,0.054997,0.051010,0.047038,0.043126,0.039311,0.035627,0.032102,0.028758,0.025615,0.022684,0.019972,0.017483,0.015216,0.013167,0.011328,0.009690,0.008241,0.006969,0.005859,0.004897,0.004070,0.003363,0.002762,0.002256,0.001832,0.001478,0.001186,0.000945,0.000748,0.000588,0.000458,0.000352,0.000266,0.000195,0.000137,0.000087,0.000042,0.000000
0.000000,0.000048,0.000100,0.000158,0.000226,0.000307,0.000407,0.000529,0.000679,0.000865,0.001093,0.001371,0.001709,0.002117,0.002607,0.003192,0.003886,0.004703,0.005659,0.006771,0.008053,0.009524,0.011198,0.013091,0.015216,0.017584,0.020204,0.023080,0.026213,0.029600,0.033233,0.037096,0.041169,0.045427,0.049835,0.054356,0.058945,0.063552,0.068125,0.072605,0.076933,0.081048,0.084891,0.088402,0.091528,0.094217,0.096425,0.098114,0.099257,0.099834,0.099834,0.099257,0.098114,0.096425,0.094217,0.091528,0.088402,0.084891,0.081048,0.076933,0.072605,0.068125,0.063552,0.058945,0.054356,0.049835,0.045427,0.041169,0.037096,0.033233,0.029600,0.026213,0.023080,0.020204,0.017584,0.015216,0.013091,0.011198,0.009524,0.008053,0.006771,0.005659,0.004703,0.003886,0.003192,0.002607,0.002117,0.001709,0.001371,0.001093,0.000865,0.000679,0.000529,0.000407,0.000307,0.000226,0.000158,0.000100,0.000048,0.000000
0.000000,0.000056,0.000115,0.000182,0.000259,0.000353,0.000467,0.000608,0.000781,0.000994,0.001256,0.001575,0.001963,0.002433,0.002996,0.003668,0.004465,0.005404,0.006503,0.007779,0.009253,0.010943,0.012867,0.015042,0.017483,0.020204,0.023213,0.026517,0.030117,0.034009,0.038182,0.042621,0.047300,0.052191,0.057256,0.062450,0.067722,0.073015,0.078268,0.083415,0.088387,0.093115,0.097530,0.101564,0.105155,0.108244,0.110780,0.112722,0.114035,0.114697,0.114697,0.114035,0.112722,0.110780,0.108244,0.105155,0.101564,0.097530,0.093115,0.088387,0.083415,0.078268,0.073015,0.067722,0.062450,0.057256,0.052191,0.047300,0.042621,0.038182,0.034009,0.030117,0.026517,0.023213,0.020204,0.017483,0.015042,0.012867,0.010943,0.009253,0.007779,0.006503,0.005404,0.004465,0.003668,0.002996,0.002433,0.001963,0.001575,0.001256,0.000994,0.000781,0.000608,0.000467,0.000353,0.000259,0.000182,0.000115,0.000056,0.000000
0.000000,0.000064,0.000131,0.000207,0.000296,0.000403,0.000534,0.000694,0.000892,0.001136,0.001434,0.001799,0.002243,0.002779,0.003423,0.004191,0.005101,0.006174,0.007429,0.008887,0.010571,0.012501,0.014699,0.017183,0.019972,0.023080,0.026517,0.030292,0.034404,0.038849,0.043616,0.048686,0.054032,0.059618,0.065403,0.071336,0.077358,0.083405,0.089405,0.095284,0.100963,0.106363,0.111406,0.116014,0.120115,0.123644,0.126541,0.128758,0.130258,0.131014,0.131014,0.130258,0.128758,0.126541,0.123644,0.120115,0.116014,0.111406,0.106363,0.100963,0.095284,0.089405,0.083405,0.077358,0.071336,0.065403,0.059618,0.054032,0.048686,0.043616,0.038849,0.034404,0.030292,0.026517,0.023080,0.019972,0.017183,0.014699,0.012501,0.010571,0.008887,0.007429,0.006174,0.005101,0.004191,0.003423,0.002779,0.002243,0.001799,0.001434,0.001136,0.000892,0.000694,0.000534,0.000403,0.000296,0.000207,0.000131,0.000064,0.000000
0.000000,0.000072,0.000149,0.000236,0.000337,0.000458,0.000606,0.000789,0.001013,0.001290,0.001629,0.002044,0.002548,0.003157,0.003888,0.004760,0.005794,0.007012,0.008438,0.010094,0.012006,0.014199,0.016695,0.019516,0.022684,0.026213,0.030117,0.034404,0.039074,0.044123,0.049537,0.055294,0.061365,0.067710,0.074280,0.081018,0.087857,0.094723,0.101537,0.108214,0.114664,0.120797,0.126523,0.131756,0.136414,0.140421,0.143711,0.146229,0.147932,0.148791,0.148791,0.147932,0.146229,0.143711,0.140421,0.136414,0.131756,0.126523,0.120797,0.114664,0.108214,0.101537,0.094723,0.087857,0.081018,0.074280,0.067710,0.061365,0.055294,0.049537,0.044123,0.039074,0.034404,0.030117,0.026213,0.022684,0.019516,0.016695,0.014199,0.012006,0.010094,0.008438,0.007012,0.005794,0.004760,0.003888,0.003157,0.002548,0.002044,0.001629,0.001290,0.001013,0.000789,0.000606,0.000458,0.000337,0.000236,0.000149,0.000072,0.000000
0.000000,0.000082,0.000169,0.000266,0.000380,0.000517,0.000685,0.000891,0.001144,0.001457,0.001840,0.002308,0.002877,0.003565,0.004390,0.005376,0.006543,0.007919,0.009528,0.011399,0.013558,0.016034,0.018852,0.022038,0.025615,0.029600,0.034009,0.038849,0.044123,0.049824,0.055937,0.062438,0.069293,0.076457,0.083875,0.091483,0.099205,0.106958,0.114652,0.122191,0.129473,0.136398,0.142864,0.148773,0.154032,0.158556,0.162271,0.165114,0.167038,0.168007,0.168007,0.167038,0.165114,0.162271,0.158556,0.154032,0.148773,0.142864,0.136398,0.129473,0.122191,0.114652,0.106958,0.099205,0.091483,0.083875,0.076457,0.069293,0.062438,0.055937,0.049824,0.044123,0.038849,0.034009,0.029600,0.025615,0.022038,0.018852,0.016034,0.013558,0.011399,0.009528,0.007919,0.006543,0.005376,0.004390,0.003565,0.002877,0.002308,0.001840,0.001457,0.001144,0.000891,0.000685,0.000517,0.000380,0.000266,0.000169,0.000082,0.000000
0.000000,0.000092,0.000189,0.000299,0.000427,0.000581,0.000769,0.001000,0.001285,0.001636,0.002066,0.002592,0.003231,0.004003,0.004930,0.006036,0.007347,0.008891,0.010698,0.012798,0.015222,0.018002,0.021166,0.024743,0.028758,0.033233,0.038182,0.043616,0.049537,0.055937,0.062799,0.070098,0.077794,0.085836,0.094164,0.102705,0.111374,0.120078,0.128716,0.137178,0.145354,0.153128,0.160387,0.167020,0.172924,0.178003,0.182173,0.185365,0.187524,0.188613,0.188613,0.187524,0.185365,0.182173,0.178003,0.172924,0.167020,0.160387,0.153128,0.145354,0.137178,0.128716,0.120078,0.111374,0.102705,0.094164,0.085836,0.077794,0.070098,0.062799,0.055937,0.049537,0.043616,0.038182,0.033233,0.028758,0.024743,0.021166,0.018002,0.015222,0.012798,0.010698,0.008891,0.007347,0.006036,0.004930,0.004003,0.003231,0.002592,0.002066,0.001636,0.001285,0.001000,0.000769,0.000581,0.000427,0.000299,0.000189,0.000092,0.000000
0.000000,0.000102,0.000211,0.000334,0.000477,0.000649,0.000858,0.001116,0.001434,0.001826,0.002306,0.002893,0.003607,0.004468,0.005503,0.006738,0.008201,0.009925,0.011942,0.014286,0.016992,0.020095,0.023627,0.027620,0.032102,0.037096,0.042621,0.048686,0.055294,0.062438,0.070098,0.078244,0.086834,0.095811,0.105107,0.114639,0.124315,0.134030,0.143671,0.153117,0.162242,0.170919,0.179021,0.186424,0.193014,0.198683,0.203337,0.206900,0.209309,0.210525,0.210525,0.209309,0.206900,0.203337,0.198683,0.193014,0.186424,0.179021,0.170919,0.162242,0.153117,0.143671,0.134030,0.124315,0.114639,0.105107,0.095811,0.086834,0.078244,0.070098,0.062438,0.055294,0.048686,0.042621,0.037096,0.032102,0.027620,0.023627,0.020095,0.016992,0.014286,0.011942,0.009925,0.008201,0.006738,0.005503,0.004468,0.003607,0.002893,0.002306,0.001826,0.001434,0.001116,0.000858,0.000649,0.000477,0.000334,0.000211,0.000102,0.000000
0.000000,0.000114,0.000235,0.000370,0.000529,0.000720,0.000953,0.001239,0.001592,0.002027,0.002560,0.003211,0.004003,0.004959,0.006108,0.007478,0.009102,0.011015,0.013254,0.015856,0.018859,0.022302,0.026221,0.030653,0.035627,0.041169,0.047300,0.054032,0.061365,0.069293,0.077794,0.086834,0.096366,0.106328,0.116644,0.127223,0.137961,0.148742,0.159440,0.169922,0.180049,0.189677,0.198668,0.206884,0.214196,0.220487,0.225653,0.229606,0.232280,0.233629,0.233629,0.232280,0.229606,0.225653,0.220487,0.214196,0.206884,0.198668,0.189677,0.180049,0.169922,0.159440,0.148742,0.137961,0.127223,0.116644,0.106328,0.096366,0.086834,0.077794,0.069293,0.061365,0.054032,0.047300,0.041169,0.035627,0.030653,0.026221,0.022302,0.018859,0.015856,0.013254,0.011015,0.009102,0.007478,0.006108,0.004959,0.004003,0.003211,0.002560,0.002027,0.001592,0.001239,0.000953,0.000720,0.000529,0.000370,0.000235,0.000114,0.000000
0.000000,0.000125,0.000259,0.000409,0.000584,0.000795,0.001052,0.001368,0.001757,0.002236,0.002825,0.003544,0.004417,0.005472,0.006740,0.008251,0.010044,0.012155,0.014625,0.017496,0.020809,0.024608,0.028933,0.033823,0.039311,0.045427,0.052191,0.059618,0.067710,0.076457,0.085836,0.095811,0.106328,0.117320,0.128702,0.140374,0.152221,0.164116,0.175920,0.187485,0.198658,0.209282,0.219201,0.228266,0.236334,0.243275,0.248974,0.253336,0.256286,0.257774,0.257774,0.256286,0.253336,0.248974,0.243275,0.236334,0.228266,0.219201,0.209282,0.198658,0.187485,0.175920,0.164116,0.152221,0.140374,0.128702,0.117320,0.106328,0.095811,0.085836,0.076457,0.067710,0.059618,0.052191,0.045427,0.039311,0.033823,0.028933,0.024608,0.020809,0.017496,0.014625,0.012155,0.010044,0.008251,0.006740,0.005472,0.004417,0.003544,0.002825,0.002236,0.001757,0.001368,0.001052,0.000795,0.000584,0.000409,0.000259,0.000125,0.000000
0.000000,0.000138,0.000284,0.000448,0.000641,0.000872,0.001154,0.001500,0.001928,0.002454,0.003099,0.003888,0.004846,0.006004,0.007394,0.009053,0.011019,0.013335,0.016045,0.019194,0.022829,0.026997,0.031742,0.037105,0.043126,0.049835,0.057256,0.065403,0.074280,0.083875,0.094164,0.105107,0.116644,0.128702,0.141187,0.153991,0.166987,0.180036,0.192985,0.205671,0.217927,0.229581,0.240463,0.250406,0.259257,0.266870,0.273122,0.277907,0.281143,0.282775,0.282775,0.281143,0.277907,0.273122,0.266870,0.259257,0.250406,0.240463,0.229581,0.217927,0.205671,0.192985,0.180036,0.166987,0.153991,0.141187,0.128702,0.116644,0.105107,0.094164,0.083875,0.074280,0.065403,0.057256,0.049835,0.043126,0.037105,0.031742,0.026997,0.022829,0.019194,0.016045,0.013335,0.011019,0.009053,0.007394,0.006004,0.004846,0.003888,0.003099,0.002454,0.001928,0.001500,0.001154,0.000872,0.000641,0.000448,0.000284,0.000138,0.000000
0.000000,0.000150,0.000310,0.000489,0.000699,0.000951,0.001258,0.001637,0.002103,0.002677,0.003381,0.004241,0.005286,0.006549,0.008065,0.009874,0.012019,0.014545,0.017501,0.020936,0.024901,0.029446,0.034622,0.040472,0.047038,0.054356,0.062450,0.071336,0.081018,0.091483,0.102705,0.114639,0.127223,0.140374,0.153991,0.167956,0.182130,0.196361,0.210484,0.224320,0.237687,0.250398,0.262265,0.273111,0.282763,0.291066,0.297885,0.303103,0.306633,0.308413,0.308413,0.306633,0.303103,0.297885,0.291066,0.282763,0.273111,0.262265,0.250398,0.237687,0.224320,0.210484,0.196361,0.182130,0.167956,0.153991,0.140374,0.127223,0.114639,0.102705,0.091483,0.081018,0.071336,0.062450,0.054356,0.047038,0.040472,0.034622,0.029446,0.024901,0.020936,0.017501,0.014545,0.012019,0.009874,0.008065,0.006549,0.005286,0.004241,0.003381,0.002677,0.002103,0.001637,0.001258,0.000951,0.000699,0.000489,0.000310,0.000150,0.000000
0.000000,0.000163,0.000336,0.000531,0.000758,0.001031,0.001365,0.001775,0.002280,0.002903,0.003666,0.004599,0.005733,0.007102,0.008746,0.010708,0.013034,0.015774,0.018979,0.022704,0.027004,0.031933,0.037545,0.043889,0.051010,0.058945,0.067722,0.077358,0.087857,0.099205,0.111374,0.124315,0.137961,0.152221,0.166987,0.182130,0.197500,0.212932,0.228246,0.243250,0.257744,0.271527,0.284396,0.296156,0.306622,0.315626,0.323020,0.328678,0.332506,0.334436,0.334436,0.332506,0.328678,0.323020,0.315626,0.306622,0.296156,0.284396,0.271527,0.257744,0.243250,0.228246,0.212932,0.197500,0.182130,0.166987,0.152221,0.137961,0.124315,0.111374,0.099205,0.087857,0.077358,0.067722,0.058945,0.051010,0.043889,0.037545,0.031933,0.027004,0.022704,0.018979,0.015774,0.013034,0.010708,0.008746,0.007102,0.005733,0.004599,0.003666,0.002903,0.002280,0.001775,0.001365,0.001031,0.000758,0.000531,0.000336,0.000163,0.000000
0.000000,0.000176,0.000362,0.000572,0.000817,0.001112,0.001472,0.001914,0.002459,0.003130,0.003953,0.004959,0.006181,0.007658,0.009431,0.011546,0.014054,0.017007,0.020463,0.024479,0.029115,0.034430,0.040480,0.047320,0.054997,0.063552,0.073015,0.083405,0.094723,0.106958,0.120078,0.134030,0.148742,0.164116,0.180036,0.196361,0.212932,0.229570,0.246080,0.262255,0.277882,0.292741,0.306615,0.319293,0.330577,0.340285,0.348256,0.354356,0.358482,0.360563,0.360563,0.358482,0.354356,0.348256,0.340285,0.330577,0.319293,0.306615,0.292741,0.277882,0.262255,0.246080,0.229570,0.212932,0.196361,0.180036,0.164116,0.148742,0.134030,0.120078,0.106958,0.094723,0.083405,0.073015,0.063552,0.054997,0.047320,0.040480,0.034430,0.029115,0.024479,0.020463,0.017007,0.014054,0.011546,0.009431,0.007658,0.006181,0.004959,0.003953,0.003130,0.002459,0.001914,0.001472,0.001112,0.000817,0.000572,0.000362,0.000176,0.000000
0.000000,0.000188,0.000388,0.000613,0.000876,0.001192,0.001578,0.002052,0.002636,0.003355,0.004238,0.005316,0.006626,0.008209,0.010110,0.012377,0.015065,0.018231,0.021936,0.026241,0.031210,0.036907,0.043393,0.050725,0.058954,0.068125,0.078268,0.089405,0.101537,0.114652,0.128716,0.143671,0.159440,0.175920,0.192985,0.210484,0.228246,0.246080,0.263777,0.281115,0.297865,0.313792,0.328664,0.342254,0.354349,0.364754,0.373298,0.379837,0.384260,0.386490,0.386490,0.384260,0.379837,0.373298,0.364754,0.354349,0.342254,0.328664,0.313792,0.297865,0.281115,0.263777,0.246080,0.228246,0.210484,0.192985,0.175920,0.159440,0.143671,0.128716,0.114652,0.101537,0.089405,0.078268,0.068125,0.058954,0.050725,0.043393,0.036907,0.031210,0.026241,0.021936,0.018231,0.015065,0.012377,0.010110,0.008209,0.006626,0.005316,0.004238,0.003355,0.002636,0.002052,0.001578,0.001192,0.000876,0.000613,0.000388,0.000188,0.000000
0.000000,0.000201,0.000414,0.000654,0.000934,0.001271,0.001682,0.002187,0.002809,0.003576,0.004517,0.005666,0.007062,0.008749,0.010775,0.013191,0.016057,0.019431,0.023379,0.027967,0.033263,0.039335,0.046247,0.054061,0.062831,0.072605,0.083415,0.095284,0.108214,0.122191,0.137178,0.153117,0.169922,0.187485,0.205671,0.224320,0.243250,0.262255,0.281115,0.299593,0.317444,0.334417,0.350266,0.364749,0.377638,0.388727,0.397832,0.404801,0.409515,0.411892,0.411892,0.409515,0.404801,0.397832,0.388727,0.377638,0.364749,0.350266,0.334417,0.317444,0.299593,0.281115,0.262255,0.243250,0.224320,0.205671,0.187485,0.169922,0.153117,0.137178,0.122191,0.108214,0.095284,0.083415,0.072605,0.062831,0.054061,0.046247,0.039335,0.033263,0.027967,0.023379,0.019431,0.016057,0.013191,0.010775,0.008749,0.007062,0.005666,0.004517,0.003576,0.002809,0.002187,0.001682,0.001271,0.000934,0.000654,0.000414,0.000201,0.000000
0.000000,0.000213,0.000439,0.000693,0.000990,0.001346,0.001782,0.002317,0.002977,0.003789,0.004786,0.006004,0.007484,0.009271,0.011417,0.013978,0.017014,0.020590,0.024773,0.029635,0.035247,0.041680,0.049004,0.057284,0.066577,0.076933,0.088387,0.100963,0.114664,0.129473,0.145354,0.162242,0.180049,0.198658,0.217927,0.237687,0.257744,0.277882,0.297865,0.317444,0.336358,0.354342,0.371135,0.386480,0.400137,0.411887,0.421534,0.428918,0.433912,0.436431,0.436431,0.433912,0.428918,0.421534,0.411887,0.400137,0.386480,0.371135,0.354342,0.336358,0.317444,0.297865,0.277882,0.257744,0.237687,0.217927,0.198658,0.180049,0.162242,0.145354,0.129473,0.114664,0.100963,0.088387,0.076933,0.066577,0.057284,0.049004,0.041680,0.035247,0.029635,0.024773,0.020590,0.017014,0.013978,0.011417,0.009271,0.007484,0.006004,0.004786,0.003789,0.002977,0.002317,0.001782,0.001346,0.000990,0.000693,0.000439,0.000213,0.000000
0.000000,0.000224,0.000462,0.000730,0.001043,0.001419,0.001877,0.002441,0.003137,0.003992,0.005043,0.006325,0.007884,0.009767,0.012029,0.014726,0.017925,0.021692,0.026099,0.031221,0.037133,0.043910,0.051626,0.060348,0.070139,0.081048,0.093115,0.106363,0.120797,0.136398,0.153128,0.170919,0.189677,0.209282,0.229581,0.250398,0.271527,0.292741,0.313792,0.334417,0.354342,0.373288,0.390978,0.407144,0.421531,0.433908,0.444072,0.451850,0.457111,0.459765,0.459765,0.457111,0.451850,0.444072,0.433908,0.421531,0.407144,0.390978,0.373288,0.354342,0.334417,0.313792,0.292741,0.271527,0.250398,0.229581,0.209282,0.189677,0.170919,0.153128,0.136398,0.120797,0.106363,0.093115,0.081048,0.070139,0.060348,0.051626,0.043910,0.037133,0.031221,0.026099,0.021692,0.017925,0.014726,0.012029,0.009767,0.007884,0.006325,0.005043,0.003992,0.003137,0.002441,0.001877,0.001419,0.001043,0.000730,0.000462,0.000224,0.000000
0.000000,0.000235,0.000484,0.000764,0.001092,0.001486,0.001966,0.002557,0.003285,0.004182,0.005282,0.006626,0.008258,0.010231,0.012599,0.015425,0.018775,0.022720,0.027337,0.032701,0.038894,0.045992,0.054074,0.063210,0.073464,0.084891,0.097530,0.111406,0.126523,0.142864,0.160387,0.179021,0.198668,0.219201,0.240463,0.262265,0.284396,0.306615,0.328664,0.350266,0.371135,0.390978,0.409506,0.426438,0.441507,0.454470,0.465115,0.473262,0.478772,0.481551,0.481551,0.478772,0.473262,0.465115,0.454470,0.441507,0.426438,0.409506,0.390978,0.371135,0.350266,0.328664,0.306615,0.284396,0.262265,0.240463,0.219201,0.198668,0.179021,0.160387,0.142864,0.126523,0.111406,0.097530,0.084891,0.073464,0.063210,0.054074,0.045992,0.038894,0.032701,0.027337,0.022720,0.018775,0.015425,0.012599,0.010231,0.008258,0.006626,0.005282,0.004182,0.003285,0.002557,0.001966,0.001486,0.001092,0.000764,0.000484,0.000235,0.000000
0.000000,0.000244,0.000504,0.000796,0.001137,0.001547,0.002048,0.002663,0.003421,0.004355,0.005501,0.006900,0.008600,0.010654,0.013121,0.016063,0.019552,0.023661,0.028468,0.034054,0.040503,0.047895,0.056311,0.065825,0.076503,0.088402,0.101564,0.116014,0.131756,0.148773,0.167020,0.186424,0.206884,0.228266,0.250406,0.273111,0.296156,0.319293,0.342254,0.364749,0.386480,0.407144,0.426438,0.444069,0.459761,0.473260,0.484345,0.492828,0.498566,0.501460,0.501460,0.498566,0.492828,0.484345,0.473260,0.459761,0.444069,0.426438,0.407144,0.386480,0.364749,0.342254,0.319293,0.296156,0.273111,0.250406,0.228266,0.206884,0.186424,0.167020,0.148773,0.131756,0.116014,0.101564,0.088402,0.076503,0.065825,0.056311,0.047895,0.040503,0.034054,0.028468,0.023661,0.019552,0.016063,0.013121,0.010654,0.008600,0.006900,0.005501,0.004355,0.003421,0.002663,0.002048,0.001547,0.001137,0.000796,0.000504,0.000244,0.000000
