0.000000,0.000000,0.000000,0.000000,0.000000,0.000000,0.000000,0.000000,0.000000,0.000000,0.000000,0.000000,0.000000,0.000000,0.000000,0.000000,0.000000,0.000000,0.000000,0.000000,0.000000,0.000000,0.000000,0.000000,0.000000,0.000000,0.000000,0.000000,0.000000,0.000000,0.000000,0.000000,0.000000,0.000000,0.000000,0.000000,0.000000,0.000000,0.000000,0.000000,0.000000,0.000000,0.000000,0.000000,0.000000,0.000000,0.000000,0.000000,0.000000,0.000000,0.000000,0.000000,0.000000,0.000000,0.000000,0.000000,0.000000,0.000000,0.000000,0.000000,0.000000,0.000000,0.000000,0.000000,0.000000,0.000000,0.000000,0.000000,0.000000,0.000000,0.000000,0.000000,0.000000,0.000000,0.000000,0.000000,0.000000,0.000000,0.000000,0.000000,0.000000,0.000000,0.000000,0.000000,0.000000,0.000000,0.000000,0.000000,0.000000,0.000000,0.000000,0.000000,0.000000,0.000000,0.000000,0.000000,0.000000,0.000000,0.000000,0.000000
0.000000,0.000000,0.000000,0.000000,0.000000,0.000000,0.000000,0.000000,0.000000,0.000000,0.000001,0.000001,0.000001,0.000001,0.000002,0.000002,0.000003,0.000003,0.000004,0.000005,0.000006,0.000007,0.000009,0.000011,0.000013,0.000015,0.000018,0.000021,0.000024,0.000028,0.000032,0.000036,0.000041,0.000046,0.000051,0.000056,0.000062,0.000068,0.000073,0.000079,0.000084,0.000090,0.000095,0.000099,0.000104,0.000107,0.000110,0.000112,0.000114,0.000115,0.000115,0.000114,0.000112,0.000110,0.000107,0.000104,0.000099,0.000095,0.000090,0.000084,0.000079,0.000073,0.000068,0.000062,0.000056,0.000051,0.000046,0.000041,0.000036,0.000032,0.000028,0.000024,0.000021,0.000018,0.000015,0.000013,0.000011,0.000009,0.000007,0.000006,0.000005,0.000004,0.000003,0.000003,0.000002,0.000002,0.000001,0.000001,0.000001,0.000001,0.000000,0.000000,0.000000,0.000000,0.000000,0.000000,0.000000,0.000000,0.000000,0.000000
0.000000,0.000000,0.000000,0.000000,0.000000,0.000000,0.000000,0.000001,0.000001,0.000001,0.000001,0.000002,0.000002,0.000003,0.000003,0.000004,0.000005,0.000007,0.000008,0.000010,0.000013,0.000015,0.000019,0.000022,0.000026,0.000031,0.000037,0.000043,0.000050,0.000058,0.000066,0.000075,0.000085,0.000095,0.000106,0.000118,0.000129,0.000141,0.000153,0.000165,0.000177,0.000188,0.000198,0.000208,0.000216,0.000224,0.000230,0.000235,0.000238,0.000240,0.000240,0.000238,0.000235,0.000230,0.000224,0.000216,0.000208,0.000198,0.000188,0.000177,0.000165,0.000153,0.000141,0.000129,0.000118,0.000106,0.000095,0.000085,0.000075,0.000066,0.000058,0.000050,0.000043,0.000037,0.000031,0.000026,0.000022,0.000019,0.000015,0.000013,0.000010,0.000008,0.000007,0.000005,0.000004,0.000003,0.000003,0.000002,0.000002,0.000001,0.000001,0.000001,0.000001,0.000000,0.000000,0.000000,0.000000,0.000000,0.000000,0.000000
0.000000,0.000000,0.000000,0.000000,0.000000,0.000000,0.000001,0.000001,0.000001,0.000001,0.000002,0.000003,0.000003,0.000004,0.000005,0.000007,0.000009,0.000011,0.000013,0.000017,0.000020,0.000025,0.000030,0.000036,0.000043,0.000051,0.000060,0.000070,0.000081,0.000093,0.000107,0.000121,0.000137,0.000154,0.000171,0.000190,0.000208,0.000228,0.000247,0.000266,0.000285,0.000303,0.000319,0.000335,0.000349,0.000361,0.000371,0.000378,0.000384,0.000386,0.000386,0.000384,0.000378,0.000371,0.000361,0.000349,0.000335,0.000319,0.000303,0.000285,0.000266,0.000247,0.000228,0.000208,0.000190,0.000171,0.000154,0.000137,0.000121,0.000107,0.000093,0.000081,0.000070,0.000060,0.000051,0.000043,0.000036,0.000030,0.000025,0.000020,0.000017,0.000013,0.000011,0.000009,0.000007,0.000005,0.000004,0.000003,0.000003,0.000002,0.000001,0.000001,0.000001,0.000001,0.000000,0.000000,0.000000,0.000000,0.000000,0.000000
0.000000,0.000000,0.000000,0.000000,0.000000,0.000001,0.000001,0.000001,0.000002,0.000002,0.000003,0.000004,0.000005,0.000006,0.000008,0.000010,0.000013,0.000016,0.000020,0.000024,0.000030,0.000036,0.000044,0.000053,0.000063,0.000074,0.000087,0.000102,0.000118,0.000137,0.000156,0.000178,0.000201,0.000225,0.000251,0.000278,0.000306,0.000334,0.000362,0.000390,0.000418,0.000444,0.000469,0.000492,0.000512,0.000530,0.000544,0.000555,0.000563,0.000567,0.000567,0.000563,0.000555,0.000544,0.000530,0.000512,0.000492,0.000469,0.000444,0.000418,0.000390,0.000362,0.000334,0.000306,0.000278,0.000251,0.000225,0.000201,0.000178,0.000156,0.000137,0.000118,0.000102,0.000087,0.000074,0.000063,0.000053,0.000044,0.000036,0.000030,0.000024,0.000020,0.000016,0.000013,0.000010,0.000008,0.000006,0.000005,0.000004,0.000003,0.000002,0.000002,0.000001,0.000001,0.000001,0.000000,0.000000,0.000000,0.000000,0.000000
0.000000,0.000000,0.000000,0.000000,0.000001,0.000001,0.000001,0.000002,0.000002,0.000003,0.000004,0.000005,0.000007,0.000009,0.000011,0.000014,0.000018,0.000022,0.000028,0.000034,0.000042,0.000051,0.000061,0.000074,0.000088,0.000104,0.000123,0.000143,0.000166,0.000192,0.000220,0.000250,0.000282,0.000317,0.000353,0.000390,0.000429,0.000469,0.000509,0.000548,0.000586,0.000623,0.000658,0.000690,0.000719,0.000743,0.000764,0.000780,0.000790,0.000796,0.000796,0.000790,0.000780,0.000764,0.000743,0.000719,0.000690,0.000658,0.000623,0.000586,0.000548,0.000509,0.000469,0.000429,0.000390,0.000353,0.000317,0.000282,0.000250,0.000220,0.000192,0.000166,0.000143,0.000123,0.000104,0.000088,0.000074,0.000061,0.000051,0.000042,0.000034,0.000028,0.000022,0.000018,0.000014,0.000011,0.000009,0.000007,0.000005,0.000004,0.000003,0.000002,0.000002,0.000001,0.000001,0.000001,0.000000,0.000000,0.000000,0.000000
0.000000,0.000000,0.000000,0.000001,0.000001,0.000001,0.000002,0.000002,0.000003,0.000004,0.000006,0.000007,0.000009,0.000012,0.000015,0.000019,0.000024,0.000031,0.000038,0.000047,0.000057,0.000070,0.000084,0.000101,0.000121,0.000143,0.000168,0.000196,0.000228,0.000263,0.000301,0.000342,0.000386,0.000434,0.000483,0.000535,0.000588,0.000642,0.000697,0.000751,0.000803,0.000854,0.000901,0.000945,0.000984,0.001018,0.001046,0.001068,0.001082,0.001090,0.001090,0.001082,0.001068,0.001046,0.001018,0.000984,0.000945,0.000901,0.000854,0.000803,0.000751,0.000697,0.000642,0.000588,0.000535,0.000483,0.000434,0.000386,0.000342,0.000301,0.000263,0.000228,0.000196,0.000168,0.000143,0.000121,0.000101,0.000084,0.000070,0.000057,0.000047,0.000038,0.000031,0.000024,0.000019,0.000015,0.000012,0.000009,0.000007,0.000006,0.000004,0.000003,0.000002,0.000002,0.000001,0.000001,0.000001,0.000000,0.000000,0.000000
0.000000,0.000000,0.000001,0.000001,0.000001,0.000002,0.000002,0.000003,0.000004,0.000006,0.000007,0.000010,0.000013,0.000016,0.000021,0.000026,0.000033,0.000041,0.000051,0.000063,0.000077,0.000094,0.000114,0.000136,0.000163,0.000193,0.000227,0.000265,0.000307,0.000354,0.000406,0.000461,0.000521,0.000585,0.000652,0.000721,0.000793,0.000866,0.000940,0.001012,0.001083,0.001151,0.001215,0.001275,0.001327,0.001373,0.001411,0.001440,0.001460,0.001469,0.001469,0.001460,0.001440,0.001411,0.001373,0.001327,0.001275,0.001215,0.001151,0.001083,0.001012,0.000940,0.000866,0.000793,0.000721,0.000652,0.000585,0.000521,0.000461,0.000406,0.000354,0.000307,0.000265,0.000227,0.000193,0.000163,0.000136,0.000114,0.000094,0.000077,0.000063,0.000051,0.000041,0.000033,0.000026,0.000021,0.000016,0.000013,0.000010,0.000007,0.000006,0.000004,0.000003,0.000002,0.000002,0.000001,0.000001,0.000001,0.000000,0.000000
0.000000,0.000000,0.000001,0.000001,0.000002,0.000002,0.000003,0.000004,0.000006,0.000008,0.000010,0.000013,0.000017,0.000022,0.000028,0.000035,0.000044,0.000055,0.000068,0.000084,0.000103,0.000125,0.000151,0.000182,0.000217,0.000257,0.000302,0.000353,0.000410,0.000472,0.000541,0.000615,0.000695,0.000780,0.000869,0.000962,0.001058,0.001155,0.001253,0.001350,0.001445,0.001536,0.001621,0.001700,0.001770,0.001831,0.001882,0.001920,0.001947,0.001960,0.001960,0.001947,0.001920,0.001882,0.001831,0.001770,0.001700,0.001621,0.001536,0.001445,0.001350,0.001253,0.001155,0.001058,0.000962,0.000869,0.000780,0.000695,0.000615,0.000541,0.000472,0.000410,0.000353,0.000302,0.000257,0.000217,0.000182,0.000151,0.000125,0.000103,0.000084,0.000068,0.000055,0.000044,0.000035,0.000028,0.000022,0.000017,0.000013,0.000010,0.000008,0.000006,0.000004,0.000003,0.000002,0.000002,0.000001,0.000001,0.000000,0.000000
0.000000,0.000000,0.000001,0.000001,0.000002,0.000003,0.000004,0.000006,0.000008,0.000010,0.000013,0.000017,0.000022,0.000029,0.000036,0.000046,0.000058,0.000073,0.000090,0.000111,0.000136,0.000166,0.000200,0.000240,0.000287,0.000340,0.000399,0.000467,0.000542,0.000625,0.000715,0.000813,0.000919,0.001031,0.001149,0.001272,0.001398,0.001527,0.001656,0.001785,0.001910,0.002030,0.002143,0.002247,0.002340,0.002421,0.002487,0.002538,0.002573,0.002590,0.002590,0.002573,0.002538,0.002487,0.002421,0.002340,0.002247,0.002143,0.002030,0.001910,0.001785,0.001656,0.001527,0.001398,0.001272,0.001149,0.001031,0.000919,0.000813,0.000715,0.000625,0.000542,0.000467,0.000399,0.000340,0.000287,0.000240,0.000200,0.000166,0.000136,0.000111,0.000090,0.000073,0.000058,0.000046,0.000036,0.000029,0.000022,0.000017,0.000013,0.000010,0.000008,0.000006,0.000004,0.000003,0.000002,0.000001,0.000001,0.000000,0.000000
0.000000,0.000001,0.000001,0.000002,0.000003,0.000004,0.000006,0.000007,0.000010,0.000013,0.000017,0.000023,0.000029,0.000037,0.000048,0.000061,0.000076,0.000095,0.000118,0.000146,0.000179,0.000217,0.000263,0.000315,0.000376,0.000445,0.000524,0.000612,0.000711,0.000819,0.000938,0.001067,0.001205,0.001352,0.001507,0.001668,0.001834,0.002003,0.002172,0.002340,0.002504,0.002662,0.002810,0.002947,0.003069,0.003175,0.003262,0.003329,0.003374,0.003397,0.003397,0.003374,0.003329,0.003262,0.003175,0.003069,0.002947,0.002810,0.002662,0.002504,0.002340,0.002172,0.002003,0.001834,0.001668,0.001507,0.001352,0.001205,0.001067,0.000938,0.000819,0.000711,0.000612,0.000524,0.000445,0.000376,0.000315,0.000263,0.000217,0.000179,0.000146,0.000118,0.000095,0.000076,0.000061,0.000048,0.000037,0.000029,0.000023,0.000017,0.000013,0.000010,0.000007,0.000006,0.000004,0.000003,0.000002,0.000001,0.000001,0.000000
0.000000,0.000001,0.000002,0.000003,0.000004,0.000005,0.000007,0.000010,0.000013,0.000017,0.000023,0.000029,0.000038,0.000049,0.000062,0.000079,0.000099,0.000124,0.000154,0.000190,0.000233,0.000283,0.000342,0.000411,0.000490,0.000580,0.000682,0.000797,0.000925,0.001067,0.001221,0.001389,0.001569,0.001760,0.001962,0.002172,0.002388,0.002607,0.002828,0.003047,0.003261,0.003466,0.003659,0.003836,0.003996,0.004133,0.004247,0.004334,0.004393,0.004423,0.004423,0.004393,0.004334,0.004247,0.004133,0.003996,0.003836,0.003659,0.003466,0.003261,0.003047,0.002828,0.002607,0.002388,0.002172,0.001962,0.001760,0.001569,0.001389,0.001221,0.001067,0.000925,0.000797,0.000682,0.000580,0.000490,0.000411,0.000342,0.000283,0.000233,0.000190,0.000154,0.000124,0.000099,0.000079,0.000062,0.000049,0.000038,0.000029,0.000023,0.000017,0.000013,0.000010,0.000007,0.000005,0.000004,0.000003,0.000002,0.000001,0.000000
0.000000,0.000001,0.000002,0.000003,0.000005,0.000007,0.000009,0.000013,0.000017,0.000022,0.000029,0.000038,0.000049,0.000063,0.000080,0.000102,0.000128,0.000160,0.000199,0.000246,0.000301,0.000366,0.000442,0.000531,0.000633,0.000750,0.000882,0.001031,0.001196,0.001379,0.001579,0.001796,0.002029,0.002276,0.002536,0.002808,0.003087,0.003371,0.003657,0.003939,0.004215,0.004481,0.004730,0.004960,0.005165,0.005343,0.005490,0.005603,0.005679,0.005718,0.005718,0.005679,0.005603,0.005490,0.005343,0.005165,0.004960,0.004730,0.004481,0.004215,0.003939,0.003657,0.003371,0.003087,0.002808,0.002536,0.002276,0.002029,0.001796,0.001579,0.001379,0.001196,0.001031,0.000882,0.000750,0.000633,0.000531,0.000442,0.000366,0.000301,0.000246,0.000199,0.000160,0.000128,0.000102,0.000080,0.000063,0.000049,0.000038,0.000029,0.000022,0.000017,0.000013,0.000009,0.000007,0.000005,0.000003,0.000002,0.000001,0.000000
0.000000,0.000001,0.000003,0.000004,0.000006,0.000009,0.000012,0.000016,0.000022,0.000029,0.000037,0.000049,0.000063,0.000081,0.000103,0.000131,0.000165,0.000206,0.000256,0.000315,0.000386,0.000470,0.000568,0.000682,0.000813,0.000963,0.001133,0.001324,0.001536,0.001771,0.002027,0.002306,0.002605,0.002922,0.003257,0.003605,0.003964,0.004328,0.004695,0.005058,0.005413,0.005753,0.006073,0.006368,0.006632,0.006861,0.007049,0.007194,0.007292,0.007342,0.007342,0.007292,0.007194,0.007049,0.006861,0.006632,0.006368,0.006073,0.005753,0.005413,0.005058,0.004695,0.004328,0.003964,0.003605,0.003257,0.002922,0.002605,0.002306,0.002027,0.001771,0.001536,0.001324,0.001133,0.000963,0.000813,0.000682,0.000568,0.000470,0.000386,0.000315,0.000256,0.000206,0.000165,0.000131,0.000103,0.000081,0.000063,0.000049,0.000037,0.000029,0.000022,0.000016,0.000012,0.000009,0.000006,0.000004,0.000003,0.000001,0.000000
0.000000,0.000002,0.000003,0.000005,0.000008,0.000011,0.000015,0.000021,0.000028,0.000036,0.000048,0.000062,0.000080,0.000103,0.000132,0.000167,0.000210,0.000263,0.000326,0.000402,0.000493,0.000599,0.000724,0.000870,0.001037,0.001228,0.001445,0.001688,0.001959,0.002258,0.002586,0.002941,0.003322,0.003727,0.004154,0.004598,0.005055,0.005520,0.005987,0.006451,0.006903,0.007337,0.007745,0.008121,0.008458,0.008749,0.008990,0.009174,0.009299,0.009363,0.009363,0.009299,0.009174,0.008990,0.008749,0.008458,0.008121,0.007745,0.007337,0.006903,0.006451,0.005987,0.005520,0.005055,0.004598,0.004154,0.003727,0.003322,0.002941,0.002586,0.002258,0.001959,0.001688,0.001445,0.001228,0.001037,0.000870,0.000724,0.000599,0.000493,0.000402,0.000326,0.000263,0.000210,0.000167,0.000132,0.000103,0.000080,0.000062,0.000048,0.000036,0.000028,0.000021,0.000015,0.000011,0.000008,0.000005,0.000003,0.000002,0.000000
0.000000,0.000002,0.000004,0.000007,0.000010,0.000014,0.000019,0.000026,0.000035,0.000046,0.000061,0.000079,0.000102,0.000131,0.000167,0.000212,0.000266,0.000333,0.000413,0.000510,0.000624,0.000759,0.000918,0.001102,0.001314,0.001556,0.001830,0.002138,0.002482,0.002861,0.003276,0.003725,0.004208,0.004721,0.005262,0.005824,0.006403,0.006992,0.007584,0.008171,0.008743,0.009293,0.009810,0.010287,0.010713,0.011082,0.011387,0.011621,0.011779,0.011859,0.011859,0.011779,0.011621,0.011387,0.011082,0.010713,0.010287,0.009810,0.009293,0.008743,0.008171,0.007584,0.006992,0.006403,0.005824,0.005262,0.004721,0.004208,0.003725,0.003276,0.002861,0.002482,0.002138,0.001830,0.001556,0.001314,0.001102,0.000918,0.000759,0.000624,0.000510,0.000413,0.000333,0.000266,0.000212,0.000167,0.000131,0.000102,0.000079,0.000061,0.000046,0.000035,0.000026,0.000019,0.000014,0.000010,0.000007,0.000004,0.000002,0.000000
0.000000,0.000003,0.000005,0.000009,0.000013,0.000018,0.000024,0.000033,0.000044,0.000058,0.000076,0.000099,0.000128,0.000165,0.000210,0.000266,0.000335,0.000419,0.000520,0.000641,0.000785,0.000956,0.001155,0.001386,0.001653,0.001958,0.002303,0.002691,0.003123,0.003600,0.004122,0.004687,0.005295,0.005940,0.006620,0.007328,0.008056,0.008798,0.009542,0.010280,0.011001,0.011692,0.012343,0.012942,0.013479,0.013943,0.014326,0.014620,0.014820,0.014920,0.014920,0.014820,0.014620,0.014326,0.013943,0.013479,0.012942,0.012343,0.011692,0.011001,0.010280,0.009542,0.008798,0.008056,0.007328,0.006620,0.005940,0.005295,0.004687,0.004122,0.003600,0.003123,0.002691,0.002303,0.001958,0.001653,0.001386,0.001155,0.000956,0.000785,0.000641,0.000520,0.000419,0.000335,0.000266,0.000210,0.000165,0.000128,0.000099,0.000076,0.000058,0.000044,0.000033,0.000024,0.000018,0.000013,0.000009,0.000005,0.000003,0.000000
0.000000,0.000003,0.000007,0.000011,0.000016,0.000022,0.000031,0.000041,0.000055,0.000073,0.000095,0.000124,0.000160,0.000206,0.000263,0.000333,0.000419,0.000523,0.000650,0.000801,0.000982,0.001194,0.001444,0.001733,0.002066,0.002447,0.002878,0.003363,0.003903,0.004499,0.005151,0.005858,0.006617,0.007424,0.008273,0.009158,0.010068,0.010995,0.011925,0.012848,0.013748,0.014612,0.015425,0.016174,0.016845,0.017425,0.017903,0.018271,0.018520,0.018646,0.018646,0.018520,0.018271,0.017903,0.017425,0.016845,0.016174,0.015425,0.014612,0.013748,0.012848,0.011925,0.010995,0.010068,0.009158,0.008273,0.007424,0.006617,0.005858,0.005151,0.004499,0.003903,0.003363,0.002878,0.002447,0.002066,0.001733,0.001444,0.001194,0.000982,0.000801,0.000650,0.000523,0.000419,0.000333,0.000263,0.000206,0.000160,0.000124,0.000095,0.000073,0.000055,0.000041,0.000031,0.000022,0.000016,0.000011,0.000007,0.000003,0.000000
0.000000,0.000004,0.000008,0.000013,0.000020,0.000028,0.000038,0.000051,0.000068,0.000090,0.000118,0.000154,0.000199,0.000256,0.000326,0.000413,0.000520,0.000650,0.000807,0.000995,0.001219,0.001483,0.001792,0.002151,0.002565,0.003038,0.003573,0.004175,0.004845,0.005585,0.006394,0.007272,0.008214,0.009216,0.010270,0.011368,0.012498,0.013648,0.014803,0.015948,0.017065,0.018138,0.019147,0.020077,0.020909,0.021630,0.022223,0.022680,0.022989,0.023145,0.023145,0.022989,0.022680,0.022223,0.021630,0.020909,0.020077,0.019147,0.018138,0.017065,0.015948,0.014803,0.013648,0.012498,0.011368,0.010270,0.009216,0.008214,0.007272,0.006394,0.005585,0.004845,0.004175,0.003573,0.003038,0.002565,0.002151,0.001792,0.001483,0.001219,0.000995,0.000807,0.000650,0.000520,0.000413,0.000326,0.000256,0.000199,0.000154,0.000118,0.000090,0.000068,0.000051,0.000038,0.000028,0.000020,0.000013,0.000008,0.000004,0.000000
0.000000,0.000005,0.000010,0.000017,0.000024,0.000034,0.000047,0.000063,0.000084,0.000111,0.000146,0.000190,0.000246,0.000315,0.000402,0.000510,0.000641,0.000801,0.000995,0.001227,0.001503,0.001829,0.002210,0.002653,0.003163,0.003746,0.004406,0.005148,0.005974,0.006887,0.007885,0.008967,0.010128,0.011364,0.012664,0.014017,0.015410,0.016828,0.018253,0.019664,0.021041,0.022363,0.023608,0.024754,0.025781,0.026669,0.027401,0.027963,0.028344,0.028537,0.028537,0.028344,0.027963,0.027401,0.026669,0.025781,0.024754,0.023608,0.022363,0.021041,0.019664,0.018253,0.016828,0.015410,0.014017,0.012664,0.011364,0.010128,0.008967,0.007885,0.006887,0.005974,0.005148,0.004406,0.003746,0.003163,0.002653,0.002210,0.001829,0.001503,0.001227,0.000995,0.000801,0.000641,0.000510,0.000402,0.000315,0.000246,0.000190,0.000146,0.000111,0.000084,0.000063,0.000047,0.000034,0.000024,0.000017,0.000010,0.000005,0.000000
0.000000,0.000006,0.000013,0.000020,0.000030,0.000042,0.000057,0.000077,0.000103,0.000136,0.000179,0.000233,0.000301,0.000386,0.000493,0.000624,0.000785,0.000982,0.001219,0.001503,0.001841,0.002240,0.002707,0.003249,0.003874,0.004588,0.005397,0.006305,0.007317,0.008435,0.009657,0.010982,0.012405,0.013918,0.015510,0.017167,0.018874,0.020610,0.022354,0.024082,0.025769,0.027389,0.028913,0.030316,0.031573,0.032661,0.033557,0.034246,0.034713,0.034949,0.034949,0.034713,0.034246,0.033557,0.032661,0.031573,0.030316,0.028913,0.027389,0.025769,0.024082,0.022354,0.020610,0.018874,0.017167,0.015510,0.013918,0.012405,0.010982,0.009657,0.008435,0.007317,0.006305,0.005397,0.004588,0.003874,0.003249,0.002707,0.002240,0.001841,0.001503,0.001219,0.000982,0.000785,0.000624,0.000493,0.000386,0.000301,0.000233,0.000179,0.000136,0.000103,0.000077,0.000057,0.000042,0.000030,0.000020,0.000013,0.000006,0.000000
0.000000,0.000007,0.000015,0.000025,0.000036,0.000051,0.000070,0.000094,0.000125,0.000166,0.000217,0.000283,0.000366,0.000470,0.000599,0.000759,0.000956,0.001194,0.001483,0.001829,0.002240,0.002725,0.003293,0.003953,0.004713,0.005582,0.006565,0.007671,0.008902,0.010261,0.011748,0.013360,0.015091,0.016931,0.018868,0.020884,0.022960,0.025072,0.027194,0.029296,0.031348,0.033318,0.035172,0.036879,0.038408,0.039731,0.040821,0.041659,0.042227,0.042514,0.042514,0.042227,0.041659,0.040821,0.039731,0.038408,0.036879,0.035172,0.033318,0.031348,0.029296,0.027194,0.025072,0.022960,0.020884,0.018868,0.016931,0.015091,0.013360,0.011748,0.010261,0.008902,0.007671,0.006565,0.005582,0.004713,0.003953,0.003293,0.002725,0.002240,0.001829,0.001483,0.001194,0.000956,0.000759,0.000599,0.000470,0.000366,0.000283,0.000217,0.000166,0.000125,0.000094,0.000070,0.000051,0.000036,0.000025,0.000015,0.000007,0.000000
0.000000,0.000009,0.000019,0.000030,0.000044,0.000061,0.000084,0.000114,0.000151,0.000200,0.000263,0.000342,0.000442,0.000568,0.000724,0.000918,0.001155,0.001444,0.001792,0.002210,0.002707,0.003293,0.003980,0.004777,0.005696,0.006745,0.007934,0.009269,0.010757,0.012399,0.014196,0.016144,0.018235,0.020459,0.022799,0.025235,0.027743,0.030295,0.032859,0.035399,0.037878,0.040258,0.042498,0.044561,0.046408,0.048006,0.049324,0.050336,0.051023,0.051369,0.051369,0.051023,0.050336,0.049324,0.048006,0.046408,0.044561,0.042498,0.040258,0.037878,0.035399,0.032859,0.030295,0.027743,0.025235,0.022799,0.020459,0.018235,0.016144,0.014196,0.012399,0.010757,0.009269,0.007934,0.006745,0.005696,0.004777,0.003980,0.003293,0.002707,0.002210,0.001792,0.001444,0.001155,0.000918,0.000724,0.000568,0.000442,0.000342,0.000263,0.000200,0.000151,0.000114,0.000084,0.000061,0.000044,0.000030,0.000019,0.000009,0.000000
0.000000,0.000011,0.000022,0.000036,0.000053,0.000074,0.000101,0.000136,0.000182,0.000240,0.000315,0.000411,0.000531,0.000682,0.000870,0.001102,0.001386,0.001733,0.002151,0.002653,0.003249,0.003953,0.004777,0.005734,0.006836,0.008096,0.009523,0.011126,0.012911,0.014883,0.017039,0.019377,0.021887,0.024555,0.027363,0.030287,0.033298,0.036360,0.039437,0.042485,0.045461,0.048317,0.051006,0.053481,0.055698,0.057616,0.059198,0.060412,0.061236,0.061652,0.061652,0.061236,0.060412,0.059198,0.057616,0.055698,0.053481,0.051006,0.048317,0.045461,0.042485,0.039437,0.036360,0.033298,0.030287,0.027363,0.024555,0.021887,0.019377,0.017039,0.014883,0.012911,0.011126,0.009523,0.008096,0.006836,0.005734,0.004777,0.003953,0.003249,0.002653,0.002151,0.001733,0.001386,0.001102,0.000870,0.000682,0.000531,0.000411,0.000315,0.000240,0.000182,0.000136,0.000101,0.000074,0.000053,0.000036,0.000022,0.000011,0.000000
0.000000,0.000013,0.000026,0.000043,0.000063,0.000088,0.000121,0.000163,0.000217,0.000287,0.000376,0.000490,0.000633,0.000813,0.001037,0.001314,0.001653,0.002066,0.002565,0.003163,0.003874,0.004713,0.005696,0.006836,0.008151,0.009652,0.011353,0.013264,0.015393,0.017743,0.020314,0.023101,0.026093,0.029274,0.032621,0.036107,0.039695,0.043346,0.047014,0.050648,0.054195,0.057600,0.060805,0.063756,0.066399,0.068685,0.070570,0.072018,0.073000,0.073496,0.073496,0.073000,0.072018,0.070570,0.068685,0.066399,0.063756,0.060805,0.057600,0.054195,0.050648,0.047014,0.043346,0.039695,0.036107,0.032621,0.029274,0.026093,0.023101,0.020314,0.017743,0.015393,0.013264,0.011353,0.009652,0.008151,0.006836,0.005696,0.004713,0.003874,0.003163,0.002565,0.002066,0.001653,0.001314,0.001037,0.000813,0.000633,0.000490,0.000376,0.000287,0.000217,0.000163,0.000121,0.000088,0.000063,0.000043,0.000026,0.000013,0.000000
0.000000,0.000015,0.000031,0.000051,0.000074,0.000104,0.000143,0.000193,0.000257,0.000340,0.000445,0.000580,0.000750,0.000963,0.001228,0.001556,0.001958,0.002447,0.003038,0.003746,0.004588,0.005582,0.006745,0.008096,0.009652,0.011430,0.013445,0.015708,0.018228,0.021011,0.024055,0.027355,0.030898,0.034664,0.038628,0.042755,0.047004,0.051327,0.055670,0.059973,0.064173,0.068204,0.071999,0.075493,0.078622,0.081329,0.083562,0.085276,0.086438,0.087026,0.087026,0.086438,0.085276,0.083562,0.081329,0.078622,0.075493,0.071999,0.068204,0.064173,0.059973,0.055670,0.051327,0.047004,0.042755,0.038628,0.034664,0.030898,0.027355,0.024055,0.021011,0.018228,0.015708,0.013445,0.011430,0.009652,0.008096,0.006745,0.005582,0.004588,0.003746,0.003038,0.002447,0.001958,0.001556,0.001228,0.000963,0.000750,0.000580,0.000445,0.000340,0.000257,0.000193,0.000143,0.000104,0.000074,0.000051,0.000031,0.000015,0.000000
0.000000,0.000018,0.000037,0.000060,0.000087,0.000123,0.000168,0.000227,0.000302,0.000399,0.000524,0.000682,0.000882,0.001133,0.001445,0.001830,0.002303,0.002878,0.003573,0.004406,0.005397,0.006565,0.007934,0.009523,0.011353,0.013445,0.015814,0.018476,0.021440,0.024713,0.028293,0.032174,0.036341,0.040772,0.045434,0.050288,0.055285,0.060369,0.065477,0.070537,0.075477,0.080218,0.084681,0.088790,0.092471,0.095654,0.098280,0.100296,0.101663,0.102354,0.102354,0.101663,0.100296,0.098280,0.095654,0.092471,0.088790,0.084681,0.080218,0.075477,0.070537,0.065477,0.060369,0.055285,0.050288,0.045434,0.040772,0.036341,0.032174,0.028293,0.024713,0.021440,0.018476,0.015814,0.013445,0.011353,0.009523,0.007934,0.006565,0.005397,0.004406,0.003573,0.002878,0.002303,0.001830,0.001445,0.001133,0.000882,0.000682,0.000524,0.000399,0.000302,0.000227,0.000168,0.000123,0.000087,0.000060,0.000037,0.000018,0.000000
0.000000,0.000021,0.000043,0.000070,0.000102,0.000143,0.000196,0.000265,0.000353,0.000467,0.000612,0.000797,0.001031,0.001324,0.001688,0.002138,0.002691,0.003363,0.004175,0.005148,0.006305,0.007671,0.009269,0.011126,0.013264,0.015708,0.018476,0.021585,0.025049,0.028872,0.033055,0.037589,0.042457,0.047632,0.053078,0.058749,0.064587,0.070526,0.076493,0.082405,0.088175,0.093713,0.098927,0.103728,0.108027,0.111746,0.114813,0.117168,0.118765,0.119572,0.119572,0.118765,0.117168,0.114813,0.111746,0.108027,0.103728,0.098927,0.093713,0.088175,0.082405,0.076493,0.070526,0.064587,0.058749,0.053078,0.047632,0.042457,0.037589,0.033055,0.028872,0.025049,0.021585,0.018476,0.015708,0.013264,0.011126,0.009269,0.007671,0.006305,0.005148,0.004175,0.003363,0.002691,0.002138,0.001688,0.001324,0.001031,0.000797,0.000612,0.000467,0.000353,0.000265,0.000196,0.000143,0.000102,0.000070,0.000043,0.000021,0.000000
0.000000,0.000024,0.000050,0.000081,0.000118,0.000166,0.000228,0.000307,0.000410,0.000542,0.000711,0.000925,0.001196,0.001536,0.001959,0.002482,0.003123,0.003903,0.004845,0.005974,0.007317,0.008902,0.010757,0.012911,0.015393,0.018228,0.021440,0.025049,0.029067,0.033504,0.038358,0.043619,0.049267,0.055273,0.061592,0.068172,0.074946,0.081838,0.088761,0.095621,0.102316,0.108742,0.114793,0.120362,0.125351,0.129666,0.133224,0.135957,0.137811,0.138746,0.138746,0.137811,0.135957,0.133224,0.129666,0.125351,0.120362,0.114793,0.108742,0.102316,0.095621,0.088761,0.081838,0.074946,0.068172,0.061592,0.055273,0.049267,0.043619,0.038358,0.033504,0.029067,0.025049,0.021440,0.018228,0.015393,0.012911,0.010757,0.008902,0.007317,0.005974,0.004845,0.003903,0.003123,0.002482,0.001959,0.001536,0.001196,0.000925,0.000711,0.000542,0.000410,0.000307,0.000228,0.000166,0.000118,0.000081,0.000050,0.000024,0.000000
0.000000,0.000028,0.000058,0.000093,0.000137,0.000192,0.000263,0.000354,0.000472,0.000625,0.000819,0.001067,0.001379,0.001771,0.002258,0.002861,0.003600,0.004499,0.005585,0.006887,0.008435,0.010261,0.012399,0.014883,0.017743,0.021011,0.024713,0.028872,0.033504,0.038617,0.044212,0.050275,0.056786,0.063707,0.070991,0.078574,0.086382,0.094325,0.102304,0.110210,0.117927,0.125333,0.132306,0.138725,0.144475,0.149448,0.153549,0.156699,0.158834,0.159913,0.159913,0.158834,0.156699,0.153549,0.149448,0.144475,0.138725,0.132306,0.125333,0.117927,0.110210,0.102304,0.094325,0.086382,0.078574,0.070991,0.063707,0.056786,0.050275,0.044212,0.038617,0.033504,0.028872,0.024713,0.021011,0.017743,0.014883,0.012399,0.010261,0.008435,0.006887,0.005585,0.004499,0.003600,0.002861,0.002258,0.001771,0.001379,0.001067,0.000819,0.000625,0.000472,0.000354,0.000263,0.000192,0.000137,0.000093,0.000058,0.000028,0.000000
0.000000,0.000032,0.000066,0.000107,0.000156,0.000220,0.000301,0.000406,0.000541,0.000715,0.000938,0.001221,0.001579,0.002027,0.002586,0.003276,0.004122,0.005151,0.006394,0.007885,0.009657,0.011748,0.014196,0.017039,0.020314,0.024055,0.028293,0.033055,0.038358,0.044212,0.050616,0.057558,0.065011,0.072935,0.081273,0.089955,0.098892,0.107985,0.117120,0.126171,0.135004,0.143483,0.151465,0.158814,0.165395,0.171088,0.175783,0.179389,0.181834,0.183069,0.183069,0.181834,0.179389,0.175783,0.171088,0.165395,0.158814,0.151465,0.143483,0.135004,0.126171,0.117120,0.107985,0.098892,0.089955,0.081273,0.072935,0.065011,0.057558,0.050616,0.044212,0.038358,0.033055,0.028293,0.024055,0.020314,0.017039,0.014196,0.011748,0.009657,0.007885,0.006394,0.005151,0.004122,0.003276,0.002586,0.002027,0.001579,0.001221,0.000938,0.000715,0.000541,0.000406,0.000301,0.000220,0.000156,0.000107,0.000066,0.000032,0.000000
0.000000,0.000036,0.000075,0.000121,0.000178,0.000250,0.000342,0.000461,0.000615,0.000813,0.001067,0.001389,0.001796,0.002306,0.002941,0.003725,0.004687,0.005858,0.007272,0.008967,0.010982,0.013360,0.016144,0.019377,0.023101,0.027355,0.032174,0.037589,0.043619,0.050275,0.057558,0.065452,0.073927,0.082937,0.092418,0.102290,0.112452,0.122792,0.133179,0.143470,0.153515,0.163155,0.172232,0.180587,0.188071,0.194544,0.199883,0.203982,0.206762,0.208166,0.208166,0.206762,0.203982,0.199883,0.194544,0.188071,0.180587,0.172232,0.163155,0.153515,0.143470,0.133179,0.122792,0.112452,0.102290,0.092418,0.082937,0.073927,0.065452,0.057558,0.050275,0.043619,0.037589,0.032174,0.027355,0.023101,0.019377,0.016144,0.013360,0.010982,0.008967,0.007272,0.005858,0.004687,0.003725,0.002941,0.002306,0.001796,0.001389,0.001067,0.000813,0.000615,0.000461,0.000342,0.000250,0.000178,0.000121,0.000075,0.000036,0.000000
0.000000,0.000041,0.000085,0.000137,0.000201,0.000282,0.000386,0.000521,0.000695,0.000919,0.001205,0.001569,0.002029,0.002605,0.003322,0.004208,0.005295,0.006617,0.008214,0.010128,0.012405,0.015091,0.018235,0.021887,0.026093,0.030898,0.036341,0.042457,0.049267,0.056786,0.065011,0.073927,0.083499,0.093675,0.104384,0.115533,0.127011,0.138689,0.150420,0.162043,0.173387,0.184275,0.194526,0.203963,0.212416,0.219726,0.225756,0.230386,0.233526,0.235112,0.235112,0.233526,0.230386,0.225756,0.219726,0.212416,0.203963,0.194526,0.184275,0.173387,0.162043,0.150420,0.138689,0.127011,0.115533,0.104384,0.093675,0.083499,0.073927,0.065011,0.056786,0.049267,0.042457,0.036341,0.030898,0.026093,0.021887,0.018235,0.015091,0.012405,0.010128,0.008214,0.006617,0.005295,0.004208,0.003322,0.002605,0.002029,0.001569,0.001205,0.000919,0.000695,0.000521,0.000386,0.000282,0.000201,0.000137,0.000085,0.000041,0.000000
0.000000,0.000046,0.000095,0.000154,0.000225,0.000317,0.000434,0.000585,0.000780,0.001031,0.001352,0.001760,0.002276,0.002922,0.003727,0.004721,0.005940,0.007424,0.009216,0.011364,0.013918,0.016931,0.020459,0.024555,0.029274,0.034664,0.040772,0.047632,0.055273,0.063707,0.072935,0.082937,0.093675,0.105091,0.117104,0.129612,0.142488,0.155589,0.168748,0.181788,0.194514,0.206728,0.218228,0.228814,0.238296,0.246497,0.253261,0.258456,0.261978,0.263757,0.263757,0.261978,0.258456,0.253261,0.246497,0.238296,0.228814,0.218228,0.206728,0.194514,0.181788,0.168748,0.155589,0.142488,0.129612,0.117104,0.105091,0.093675,0.082937,0.072935,0.063707,0.055273,0.047632,0.040772,0.034664,0.029274,0.024555,0.020459,0.016931,0.013918,0.011364,0.009216,0.007424,0.005940,0.004721,0.003727,0.002922,0.002276,0.001760,0.001352,0.001031,0.000780,0.000585,0.000434,0.000317,0.000225,0.000154,0.000095,0.000046,0.000000
0.000000,0.000051,0.000106,0.000171,0.000251,0.000353,0.000483,0.000652,0.000869,0.001149,0.001507,0.001962,0.002536,0.003257,0.004154,0.005262,0.006620,0.008273,0.010270,0.012664,0.015510,0.018868,0.022799,0.027363,0.032621,0.038628,0.045434,0.053078,0.061592,0.070991,0.081273,0.092418,0.104384,0.117104,0.130490,0.144427,0.158775,0.173372,0.188036,0.202565,0.216745,0.230355,0.243169,0.254965,0.265530,0.274668,0.282204,0.287992,0.291917,0.293899,0.293899,0.291917,0.287992,0.282204,0.274668,0.265530,0.254965,0.243169,0.230355,0.216745,0.202565,0.188036,0.173372,0.158775,0.144427,0.130490,0.117104,0.104384,0.092418,0.081273,0.070991,0.061592,0.053078,0.045434,0.038628,0.032621,0.027363,0.022799,0.018868,0.015510,0.012664,0.010270,0.008273,0.006620,0.005262,0.004154,0.003257,0.002536,0.001962,0.001507,0.001149,0.000869,0.000652,0.000483,0.000353,0.000251,0.000171,0.000106,0.000051,0.000000
0.000000,0.000056,0.000118,0.000190,0.000278,0.000390,0.000535,0.000721,0.000962,0.001272,0.001668,0.002172,0.002808,0.003605,0.004598,0.005824,0.007328,0.009158,0.011368,0.014017,0.017167,0.020884,0.025235,0.030287,0.036107,0.042755,0.050288,0.058749,0.068172,0.078574,0.089955,0.102290,0.115533,0.129612,0.144427,0.159852,0.175732,0.191887,0.208116,0.224196,0.239891,0.254953,0.269135,0.282190,0.293883,0.303996,0.312337,0.318743,0.323086,0.325280,0.325280,0.323086,0.318743,0.312337,0.303996,0.293883,0.282190,0.269135,0.254953,0.239891,0.224196,0.208116,0.191887,0.175732,0.159852,0.144427,0.129612,0.115533,0.102290,0.089955,0.078574,0.068172,0.058749,0.050288,0.042755,0.036107,0.030287,0.025235,0.020884,0.017167,0.014017,0.011368,0.009158,0.007328,0.005824,0.004598,0.003605,0.002808,0.002172,0.001668,0.001272,0.000962,0.000721,0.000535,0.000390,0.000278,0.000190,0.000118,0.000056,0.000000
0.000000,0.000062,0.000129,0.000208,0.000306,0.000429,0.000588,0.000793,0.001058,0.001398,0.001834,0.002388,0.003087,0.003964,0.005055,0.006403,0.008056,0.010068,0.012498,0.015410,0.018874,0.022960,0.027743,0.033298,0.039695,0.047004,0.055285,0.064587,0.074946,0.086382,0.098892,0.112452,0.127011,0.142488,0.158775,0.175732,0.193189,0.210949,0.228789,0.246466,0.263719,0.280277,0.295867,0.310218,0.323072,0.334190,0.343359,0.350401,0.355176,0.357587,0.357587,0.355176,0.350401,0.343359,0.334190,0.323072,0.310218,0.295867,0.280277,0.263719,0.246466,0.228789,0.210949,0.193189,0.175732,0.158775,0.142488,0.127011,0.112452,0.098892,0.086382,0.074946,0.064587,0.055285,0.047004,0.039695,0.033298,0.027743,0.022960,0.018874,0.015410,0.012498,0.010068,0.008056,0.006403,0.005055,0.003964,0.003087,0.002388,0.001834,0.001398,0.001058,0.000793,0.000588,0.000429,0.000306,0.000208,0.000129,0.000062,0.000000
0.000000,0.000068,0.000141,0.000228,0.000334,0.000469,0.000642,0.000866,0.001155,0.001527,0.002003,0.002607,0.003371,0.004328,0.005520,0.006992,0.008798,0.010995,0.013648,0.016828,0.020610,0.025072,0.030295,0.036360,0.043346,0.051327,0.060369,0.070526,0.081838,0.094325,0.107985,0.122792,0.138689,0.155589,0.173372,0.191887,0.210949,0.230341,0.249821,0.269122,0.287961,0.306041,0.323063,0.338733,0.352768,0.364908,0.374919,0.382608,0.387821,0.390455,0.390455,0.387821,0.382608,0.374919,0.364908,0.352768,0.338733,0.323063,0.306041,0.287961,0.269122,0.249821,0.230341,0.210949,0.191887,0.173372,0.155589,0.138689,0.122792,0.107985,0.094325,0.081838,0.070526,0.060369,0.051327,0.043346,0.036360,0.030295,0.025072,0.020610,0.016828,0.013648,0.010995,0.008798,0.006992,0.005520,0.004328,0.003371,0.002607,0.002003,0.001527,0.001155,0.000866,0.000642,0.000469,0.000334,0.000228,0.000141,0.000068,0.000000
0.000000,0.000073,0.000153,0.000247,0.000362,0.000509,0.000697,0.000940,0.001253,0.001656,0.002172,0.002828,0.003657,0.004695,0.005987,0.007584,0.009542,0.011925,0.014803,0.018253,0.022354,0.027194,0.032859,0.039437,0.047014,0.055670,0.065477,0.076493,0.088761,0.102304,0.117120,0.133179,0.150420,0.168748,0.188036,0.208116,0.228789,0.249821,0.270948,0.291881,0.312312,0.331920,0.350382,0.367376,0.382598,0.395764,0.406622,0.414961,0.420615,0.423470,0.423470,0.420615,0.414961,0.406622,0.395764,0.382598,0.367376,0.350382,0.331920,0.312312,0.291881,0.270948,0.249821,0.228789,0.208116,0.188036,0.168748,0.150420,0.133179,0.117120,0.102304,0.088761,0.076493,0.065477,0.055670,0.047014,0.039437,0.032859,0.027194,0.022354,0.018253,0.014803,0.011925,0.009542,0.007584,0.005987,0.004695,0.003657,0.002828,0.002172,0.001656,0.001253,0.000940,0.000697,0.000509,0.000362,0.000247,0.000153,0.000073,0.000000
0.000000,0.000079,0.000165,0.000266,0.000390,0.000548,0.000751,0.001012,0.001350,0.001785,0.002340,0.003047,0.003939,0.005058,0.006451,0.008171,0.010280,0.012848,0.015948,0.019664,0.024082,0.029296,0.035399,0.042485,0.050648,0.059973,0.070537,0.082405,0.095621,0.110210,0.126171,0.143470,0.162043,0.181788,0.202565,0.224196,0.246466,0.269122,0.291881,0.314431,0.336440,0.357563,0.377450,0.395757,0.412154,0.426336,0.438033,0.447016,0.453106,0.456183,0.456183,0.453106,0.447016,0.438033,0.426336,0.412154,0.395757,0.377450,0.357563,0.336440,0.314431,0.291881,0.269122,0.246466,0.224196,0.202565,0.181788,0.162043,0.143470,0.126171,0.110210,0.095621,0.082405,0.070537,0.059973,0.050648,0.042485,0.035399,0.029296,0.024082,0.019664,0.015948,0.012848,0.010280,0.008171,0.006451,0.005058,0.003939,0.003047,0.002340,0.001785,0.001350,0.001012,0.000751,0.000548,0.000390,0.000266,0.000165,0.000079,0.000000
0.000000,0.000084,0.000177,0.000285,0.000418,0.000586,0.000803,0.001083,0.001445,0.001910,0.002504,0.003261,0.004215,0.005413,0.006903,0.008743,0.011001,0.013748,0.017065,0.021041,0.025769,0.031348,0.037878,0.045461,0.054195,0.064173,0.075477,0.088175,0.102316,0.117927,0.135004,0.153515,0.173387,0.194514,0.216745,0.239891,0.263719,0.287961,0.312312,0.336440,0.359989,0.382590,0.403868,0.423456,0.441001,0.456176,0.468691,0.478302,0.484819,0.488110,0.488110,0.484819,0.478302,0.468691,0.456176,0.441001,0.423456,0.403868,0.382590,0.359989,0.336440,0.312312,0.287961,0.263719,0.239891,0.216745,0.194514,0.173387,0.153515,0.135004,0.117927,0.102316,0.088175,0.075477,0.064173,0.054195,0.045461,0.037878,0.031348,0.025769,0.021041,0.017065,0.013748,0.011001,0.008743,0.006903,0.005413,0.004215,0.003261,0.002504,0.001910,0.001445,0.001083,0.000803,0.000586,0.000418,0.000285,0.000177,0.000084,0.000000
0.000000,0.000090,0.000188,0.000303,0.000444,0.000623,0.000854,0.001151,0.001536,0.002030,0.002662,0.003466,0.004481,0.005753,0.007337,0.009293,0.011692,0.014612,0.018138,0.022363,0.027389,0.033318,0.040258,0.048317,0.057600,0.068204,0.080218,0.093713,0.108742,0.125333,0.143483,0.163155,0.184275,0.206728,0.230355,0.254953,0.280277,0.306041,0.331920,0.357563,0.382590,0.406609,0.429223,0.450041,0.468686,0.484813,0.498114,0.508328,0.515254,0.518752,0.518752,0.515254,0.508328,0.498114,0.484813,0.468686,0.450041,0.429223,0.406609,0.382590,0.357563,0.331920,0.306041,0.280277,0.254953,0.230355,0.206728,0.184275,0.163155,0.143483,0.125333,0.108742,0.093713,0.080218,0.068204,0.057600,0.048317,0.040258,0.033318,0.027389,0.022363,0.018138,0.014612,0.011692,0.009293,0.007337,0.005753,0.004481,0.003466,0.002662,0.002030,0.001536,0.001151,0.000854,0.000623,0.000444,0.000303,0.000188,0.000090,0.000000
0.000000,0.000095,0.000198,0.000319,0.000469,0.000658,0.000901,0.001215,0.001621,0.002143,0.002810,0.003659,0.004730,0.006073,0.007745,0.009810,0.012343,0.015425,0.019147,0.023608,0.028913,0.035172,0.042498,0.051006,0.060805,0.071999,0.084681,0.098927,0.114793,0.132306,0.151465,0.172232,0.194526,0.218228,0.243169,0.269135,0.295867,0.323063,0.350382,0.377450,0.403868,0.429223,0.453095,0.475070,0.494752,0.511776,0.525816,0.536598,0.543909,0.547602,0.547602,0.543909,0.536598,0.525816,0.511776,0.494752,0.475070,0.453095,0.429223,0.403868,0.377450,0.350382,0.323063,0.295867,0.269135,0.243169,0.218228,0.194526,0.172232,0.151465,0.132306,0.114793,0.098927,0.084681,0.071999,0.060805,0.051006,0.042498,0.035172,0.028913,0.023608,0.019147,0.015425,0.012343,0.009810,0.007745,0.006073,0.004730,0.003659,0.002810,0.002143,0.001621,0.001215,0.000901,0.000658,0.000469,0.000319,0.000198,0.000095,0.000000
0.000000,0.000099,0.000208,0.000335,0.000492,0.000690,0.000945,0.001275,0.001700,0.002247,0.002947,0.003836,0.004960,0.006368,0.008121,0.010287,0.012942,0.016174,0.020077,0.024754,0.030316,0.036879,0.044561,0.053481,0.063756,0.075493,0.088790,0.103728,0.120362,0.138725,0.158814,0.180587,0.203963,0.228814,0.254965,0.282190,0.310218,0.338733,0.367376,0.395757,0.423456,0.450041,0.475070,0.498110,0.518747,0.536596,0.551316,0.562621,0.570287,0.574158,0.574158,0.570287,0.562621,0.551316,0.536596,0.518747,0.498110,0.475070,0.450041,0.423456,0.395757,0.367376,0.338733,0.310218,0.282190,0.254965,0.228814,0.203963,0.180587,0.158814,0.138725,0.120362,0.103728,0.088790,0.075493,0.063756,0.053481,0.044561,0.036879,0.030316,0.024754,0.020077,0.016174,0.012942,0.010287,0.008121,0.006368,0.004960,0.003836,0.002947,0.002247,0.001700,0.001275,0.000945,0.000690,0.000492,0.000335,0.000208,0.000099,0.000000
