0.000000,0.000000,0.000000,0.000000,0.000000,0.000000,0.000000,0.000000,0.000000,0.000000,0.000000,0.000000,0.000000,0.000000,0.000000,0.000000,0.000000,0.000000,0.000000,0.000000,0.000000,0.000000,0.000000,0.000000,0.000000,0.000000,0.000000,0.000000,0.000000,0.000000,0.000000,0.000000,0.000000,0.000000,0.000000,0.000000,0.000000,0.000000,0.000000,0.000000,0.000000,0.000000,0.000000,0.000000,0.000000,0.000000,0.000000,0.000000,0.000000,0.000000,0.000000,0.000000,0.000000,0.000000,0.000000,0.000000,0.000000,0.000000,0.000000,0.000000,0.000000,0.000000,0.000000,0.000000,0.000000,0.000000,0.000000,0.000000,0.000000,0.000000,0.000000,0.000000,0.000000,0.000000,0.000000,0.000000,0.000000,0.000000,0.000000,0.000000,0.000000,0.000000,0.000000,0.000000,0.000000,0.000000,0.000000,0.000000,0.000000,0.000000,0.000000,0.000000,0.000000,0.000000,0.000000,0.000000,0.000000,0.000000,0.000000,0.000000
0.000000,0.000000,0.000000,0.000000,0.000000,0.000000,0.000000,0.000000,0.000000,0.000000,0.000000,0.000000,0.000000,0.000000,0.000000,0.000000,0.000000,0.000000,0.000001,0.000001,0.000001,0.000001,0.000001,0.000002,0.000002,0.000003,0.000003,0.000004,0.000005,0.000006,0.000007,0.000008,0.000009,0.000010,0.000012,0.000013,0.000015,0.000016,0.000018,0.000020,0.000022,0.000023,0.000025,0.000026,0.000028,0.000029,0.000030,0.000030,0.000031,0.000031,0.000031,0.000031,0.000030,0.000030,0.000029,0.000028,0.000026,0.000025,0.000023,0.000022,0.000020,0.000018,0.000016,0.000015,0.000013,0.000012,0.000010,0.000009,0.000008,0.000007,0.000006,0.000005,0.000004,0.000003,0.000003,0.000002,0.000002,0.000001,0.000001,0.000001,0.000001,0.000001,0.000000,0.000000,0.000000,0.000000,0.000000,0.000000,0.000000,0.000000,0.000000,0.000000,0.000000,0.000000,0.000000,0.000000,0.000000,0.000000,0.000000,0.000000
0.000000,0.000000,0.000000,0.000000,0.000000,0.000000,0.000000,0.000000,0.000000,0.000000,0.000000,0.000000,0.000000,0.000000,0.000000,0.000001,0.000001,0.000001,0.000001,0.000002,0.000002,0.000002,0.000003,0.000004,0.000005,0.000006,0.000007,0.000008,0.000010,0.000012,0.000014,0.000016,0.000019,0.000022,0.000025,0.000028,0.000032,0.000035,0.000039,0.000042,0.000046,0.000050,0.000053,0.000056,0.000059,0.000061,0.000063,0.000065,0.000066,0.000066,0.000066,0.000066,0.000065,0.000063,0.000061,0.000059,0.000056,0.000053,0.000050,0.000046,0.000042,0.000039,0.000035,0.000032,0.000028,0.000025,0.000022,0.000019,0.000016,0.000014,0.000012,0.000010,0.000008,0.000007,0.000006,0.000005,0.000004,0.000003,0.000002,0.000002,0.000002,0.000001,0.000001,0.000001,0.000001,0.000000,0.000000,0.000000,0.000000,0.000000,0.000000,0.000000,0.000000,0.000000,0.000000,0.000000,0.000000,0.000000,0.000000,0.000000
0.000000,0.000000,0.000000,0.000000,0.000000,0.000000,0.000000,0.000000,0.000000,0.000000,0.000000,0.000000,0.000000,0.000000,0.000001,0.000001,0.000001,0.000001,0.000002,0.000003,0.000003,0.000004,0.000005,0.000006,0.000008,0.000010,0.000012,0.000014,0.000017,0.000020,0.000024,0.000027,0.000032,0.000037,0.000042,0.000047,0.000053,0.000059,0.000065,0.000071,0.000077,0.000083,0.000088,0.000093,0.000098,0.000102,0.000105,0.000108,0.000110,0.000111,0.000111,0.000110,0.000108,0.000105,0.000102,0.000098,0.000093,0.000088,0.000083,0.000077,0.000071,0.000065,0.000059,0.000053,0.000047,0.000042,0.000037,0.000032,0.000027,0.000024,0.000020,0.000017,0.000014,0.000012,0.000010,0.000008,0.000006,0.000005,0.000004,0.000003,0.000003,0.000002,0.000001,0.000001,0.000001,0.000001,0.000000,0.000000,0.000000,0.000000,0.000000,0.000000,0.000000,0.000000,0.000000,0.000000,0.000000,0.000000,0.000000,0.000000
0.000000,0.000000,0.000000,0.000000,0.000000,0.000000,0.000000,0.000000,0.000000,0.000000,0.000000,0.000000,0.000001,0.000001,0.000001,0.000001,0.000002,0.000002,0.000003,0.000004,0.000005,0.000006,0.000008,0.000010,0.000012,0.000015,0.000018,0.000022,0.000026,0.000031,0.000036,0.000042,0.000049,0.000056,0.000064,0.000072,0.000081,0.000090,0.000099,0.000108,0.000118,0.000126,0.000135,0.000143,0.000150,0.000156,0.000162,0.000166,0.000168,0.000170,0.000170,0.000168,0.000166,0.000162,0.000156,0.000150,0.000143,0.000135,0.000126,0.000118,0.000108,0.000099,0.000090,0.000081,0.000072,0.000064,0.000056,0.000049,0.000042,0.000036,0.000031,0.000026,0.000022,0.000018,0.000015,0.000012,0.000010,0.000008,0.000006,0.000005,0.000004,0.000003,0.000002,0.000002,0.000001,0.000001,0.000001,0.000001,0.000000,0.000000,0.000000,0.000000,0.000000,0.000000,0.000000,0.000000,0.000000,0.000000,0.000000,0.000000
0.000000,0.000000,0.000000,0.000000,0.000000,0.000000,0.000000,0.000000,0.000000,0.000000,0.000000,0.000001,0.000001,0.000001,0.000001,0.000002,0.000003,0.000003,0.000004,0.000006,0.000007,0.000009,0.000011,0.000014,0.000018,0.000022,0.000026,0.000032,0.000038,0.000045,0.000053,0.000062,0.000072,0.000082,0.000094,0.000106,0.000119,0.000132,0.000146,0.000160,0.000173,0.000186,0.000199,0.000211,0.000221,0.000230,0.000238,0.000244,0.000248,0.000250,0.000250,0.000248,0.000244,0.000238,0.000230,0.000221,0.000211,0.000199,0.000186,0.000173,0.000160,0.000146,0.000132,0.000119,0.000106,0.000094,0.000082,0.000072,0.000062,0.000053,0.000045,0.000038,0.000032,0.000026,0.000022,0.000018,0.000014,0.000011,0.000009,0.000007,0.000006,0.000004,0.000003,0.000003,0.000002,0.000001,0.000001,0.000001,0.000001,0.000000,0.000000,0.000000,0.000000,0.000000,0.000000,0.000000,0.000000,0.000000,0.000000,0.000000
0.000000,0.000000,0.000000,0.000000,0.000000,0.000000,0.000000,0.000000,0.000000,0.000000,0.000001,0.000001,0.000001,0.000002,0.000002,0.000003,0.000004,0.000005,0.000006,0.000008,0.000010,0.000013,0.000017,0.000021,0.000026,0.000031,0.000038,0.000046,0.000055,0.000065,0.000077,0.000090,0.000104,0.000119,0.000136,0.000153,0.000172,0.000191,0.000211,0.000230,0.000250,0.000269,0.000287,0.000304,0.000319,0.000333,0.000344,0.000352,0.000358,0.000361,0.000361,0.000358,0.000352,0.000344,0.000333,0.000319,0.000304,0.000287,0.000269,0.000250,0.000230,0.000211,0.000191,0.000172,0.000153,0.000136,0.000119,0.000104,0.000090,0.000077,0.000065,0.000055,0.000046,0.000038,0.000031,0.000026,0.000021,0.000017,0.000013,0.000010,0.000008,0.000006,0.000005,0.000004,0.000003,0.000002,0.000002,0.000001,0.000001,0.000001,0.000000,0.000000,0.000000,0.000000,0.000000,0.000000,0.000000,0.000000,0.000000,0.000000
0.000000,0.000000,0.000000,0.000000,0.000000,0.000000,0.000000,0.000000,0.000000,0.000001,0.000001,0.000001,0.000002,0.000002,0.000003,0.000004,0.000005,0.000007,0.000009,0.000012,0.000015,0.000019,0.000024,0.000029,0.000036,0.000045,0.000054,0.000065,0.000078,0.000093,0.000109,0.000128,0.000148,0.000170,0.000193,0.000218,0.000245,0.000272,0.000300,0.000328,0.000356,0.000383,0.000409,0.000433,0.000455,0.000474,0.000489,0.000502,0.000510,0.000514,0.000514,0.000510,0.000502,0.000489,0.000474,0.000455,0.000433,0.000409,0.000383,0.000356,0.000328,0.000300,0.000272,0.000245,0.000218,0.000193,0.000170,0.000148,0.000128,0.000109,0.000093,0.000078,0.000065,0.000054,0.000045,0.000036,0.000029,0.000024,0.000019,0.000015,0.000012,0.000009,0.000007,0.000005,0.000004,0.000003,0.000002,0.000002,0.000001,0.000001,0.000001,0.000000,0.000000,0.000000,0.000000,0.000000,0.000000,0.000000,0.000000,0.000000
0.000000,0.000000,0.000000,0.000000,0.000000,0.000000,0.000000,0.000000,0.000001,0.000001,0.000001,0.000002,0.000002,0.000003,0.000004,0.000006,0.000008,0.000010,0.000013,0.000016,0.000021,0.000026,0.000033,0.000041,0.000051,0.000063,0.000076,0.000092,0.000110,0.000131,0.000154,0.000180,0.000208,0.000239,0.000272,0.000308,0.000345,0.000383,0.000423,0.000463,0.000502,0.000540,0.000576,0.000610,0.000641,0.000667,0.000690,0.000707,0.000718,0.000724,0.000724,0.000718,0.000707,0.000690,0.000667,0.000641,0.000610,0.000576,0.000540,0.000502,0.000463,0.000423,0.000383,0.000345,0.000308,0.000272,0.000239,0.000208,0.000180,0.000154,0.000131,0.000110,0.000092,0.000076,0.000063,0.000051,0.000041,0.000033,0.000026,0.000021,0.000016,0.000013,0.000010,0.000008,0.000006,0.000004,0.000003,0.000002,0.000002,0.000001,0.000001,0.000001,0.000000,0.000000,0.000000,0.000000,0.000000,0.000000,0.000000,0.000000
0.000000,0.000000,0.000000,0.000000,0.000000,0.000000,0.000000,0.000001,0.000001,0.000001,0.000002,0.000002,0.000003,0.000004,0.000006,0.000008,0.000010,0.000014,0.000018,0.000023,0.000029,0.000037,0.000046,0.000058,0.000072,0.000088,0.000107,0.000129,0.000154,0.000183,0.000215,0.000251,0.000291,0.000334,0.000380,0.000430,0.000482,0.000535,0.000590,0.000646,0.000701,0.000754,0.000805,0.000852,0.000895,0.000932,0.000963,0.000987,0.001003,0.001011,0.001011,0.001003,0.000987,0.000963,0.000932,0.000895,0.000852,0.000805,0.000754,0.000701,0.000646,0.000590,0.000535,0.000482,0.000430,0.000380,0.000334,0.000291,0.000251,0.000215,0.000183,0.000154,0.000129,0.000107,0.000088,0.000072,0.000058,0.000046,0.000037,0.000029,0.000023,0.000018,0.000014,0.000010,0.000008,0.000006,0.000004,0.000003,0.000002,0.000002,0.000001,0.000001,0.000001,0.000000,0.000000,0.000000,0.000000,0.000000,0.000000,0.000000
0.000000,0.000000,0.000000,0.000000,0.000000,0.000000,0.000001,0.000001,0.000001,0.000002,0.000002,0.000003,0.000005,0.000006,0.000008,0.000011,0.000015,0.000019,0.000025,0.000032,0.000040,0.000051,0.000064,0.000080,0.000099,0.000121,0.000148,0.000178,0.000213,0.000253,0.000298,0.000347,0.000402,0.000462,0.000526,0.000595,0.000667,0.000741,0.000817,0.000894,0.000970,0.001044,0.001114,0.001180,0.001239,0.001290,0.001333,0.001366,0.001389,0.001400,0.001400,0.001389,0.001366,0.001333,0.001290,0.001239,0.001180,0.001114,0.001044,0.000970,0.000894,0.000817,0.000741,0.000667,0.000595,0.000526,0.000462,0.000402,0.000347,0.000298,0.000253,0.000213,0.000178,0.000148,0.000121,0.000099,0.000080,0.000064,0.000051,0.000040,0.000032,0.000025,0.000019,0.000015,0.000011,0.000008,0.000006,0.000005,0.000003,0.000002,0.000002,0.000001,0.000001,0.000001,0.000000,0.000000,0.000000,0.000000,0.000000,0.000000
0.000000,0.000000,0.000000,0.000000,0.000000,0.000001,0.000001,0.000001,0.000002,0.000002,0.000003,0.000005,0.000006,0.000008,0.000011,0.000015,0.000020,0.000026,0.000034,0.000044,0.000056,0.000070,0.000088,0.000110,0.000136,0.000167,0.000203,0.000245,0.000293,0.000347,0.000409,0.000477,0.000552,0.000634,0.000723,0.000817,0.000915,0.001018,0.001122,0.001228,0.001332,0.001433,0.001530,0.001620,0.001701,0.001772,0.001830,0.001876,0.001906,0.001922,0.001922,0.001906,0.001876,0.001830,0.001772,0.001701,0.001620,0.001530,0.001433,0.001332,0.001228,0.001122,0.001018,0.000915,0.000817,0.000723,0.000634,0.000552,0.000477,0.000409,0.000347,0.000293,0.000245,0.000203,0.000167,0.000136,0.000110,0.000088,0.000070,0.000056,0.000044,0.000034,0.000026,0.000020,0.000015,0.000011,0.000008,0.000006,0.000005,0.000003,0.000002,0.000002,0.000001,0.000001,0.000001,0.000000,0.000000,0.000000,0.000000,0.000000
0.000000,0.000000,0.000000,0.000000,0.000001,0.000001,0.000001,0.000002,0.000002,0.000003,0.000005,0.000006,0.000009,0.000012,0.000015,0.000021,0.000027,0.000036,0.000046,0.000059,0.000076,0.000096,0.000120,0.000150,0.000185,0.000227,0.000276,0.000333,0.000399,0.000473,0.000557,0.000650,0.000752,0.000864,0.000984,0.001112,0.001247,0.001386,0.001528,0.001672,0.001814,0.001952,0.002083,0.002206,0.002316,0.002412,0.002492,0.002554,0.002596,0.002617,0.002617,0.002596,0.002554,0.002492,0.002412,0.002316,0.002206,0.002083,0.001952,0.001814,0.001672,0.001528,0.001386,0.001247,0.001112,0.000984,0.000864,0.000752,0.000650,0.000557,0.000473,0.000399,0.000333,0.000276,0.000227,0.000185,0.000150,0.000120,0.000096,0.000076,0.000059,0.000046,0.000036,0.000027,0.000021,0.000015,0.000012,0.000009,0.000006,0.000005,0.000003,0.000002,0.000002,0.000001,0.000001,0.000001,0.000000,0.000000,0.000000,0.000000
0.000000,0.000000,0.000000,0.000000,0.000001,0.000001,0.000002,0.000002,0.000003,0.000004,0.000006,0.000008,0.000012,0.000016,0.000021,0.000028,0.000037,0.000048,0.000062,0.000080,0.000102,0.000129,0.000163,0.000203,0.000250,0.000307,0.000373,0.000450,0.000538,0.000639,0.000752,0.000878,0.001016,0.001167,0.001330,0.001503,0.001684,0.001872,0.002065,0.002258,0.002450,0.002636,0.002814,0.002979,0.003129,0.003259,0.003367,0.003450,0.003507,0.003535,0.003535,0.003507,0.003450,0.003367,0.003259,0.003129,0.002979,0.002814,0.002636,0.002450,0.002258,0.002065,0.001872,0.001684,0.001503,0.001330,0.001167,0.001016,0.000878,0.000752,0.000639,0.000538,0.000450,0.000373,0.000307,0.000250,0.000203,0.000163,0.000129,0.000102,0.000080,0.000062,0.000048,0.000037,0.000028,0.000021,0.000016,0.000012,0.000008,0.000006,0.000004,0.000003,0.000002,0.000002,0.000001,0.000001,0.000000,0.000000,0.000000,0.000000
0.000000,0.000000,0.000000,0.000001,0.000001,0.000001,0.000002,0.000003,0.000004,0.000006,0.000008,0.000011,0.000015,0.000021,0.000028,0.000037,0.000049,0.000064,0.000083,0.000107,0.000137,0.000174,0.000218,0.000272,0.000336,0.000411,0.000500,0.000603,0.000721,0.000856,0.001007,0.001176,0.001362,0.001564,0.001782,0.002013,0.002257,0.002509,0.002766,0.003026,0.003283,0.003533,0.003771,0.003992,0.004192,0.004366,0.004511,0.004623,0.004698,0.004737,0.004737,0.004698,0.004623,0.004511,0.004366,0.004192,0.003992,0.003771,0.003533,0.003283,0.003026,0.002766,0.002509,0.002257,0.002013,0.001782,0.001564,0.001362,0.001176,0.001007,0.000856,0.000721,0.000603,0.000500,0.000411,0.000336,0.000272,0.000218,0.000174,0.000137,0.000107,0.000083,0.000064,0.000049,0.000037,0.000028,0.000021,0.000015,0.000011,0.000008,0.000006,0.000004,0.000003,0.000002,0.000001,0.000001,0.000001,0.000000,0.000000,0.000000
0.000000,0.000000,0.000001,0.000001,0.000001,0.000002,0.000003,0.000004,0.000006,0.000008,0.000011,0.000015,0.000021,0.000028,0.000037,0.000050,0.000065,0.000085,0.000111,0.000143,0.000182,0.000231,0.000290,0.000361,0.000446,0.000547,0.000665,0.000802,0.000959,0.001138,0.001339,0.001563,0.001810,0.002079,0.002368,0.002676,0.002999,0.003334,0.003677,0.004022,0.004363,0.004695,0.005011,0.005305,0.005571,0.005803,0.005995,0.006144,0.006244,0.006296,0.006296,0.006244,0.006144,0.005995,0.005803,0.005571,0.005305,0.005011,0.004695,0.004363,0.004022,0.003677,0.003334,0.002999,0.002676,0.002368,0.002079,0.001810,0.001563,0.001339,0.001138,0.000959,0.000802,0.000665,0.000547,0.000446,0.000361,0.000290,0.000231,0.000182,0.000143,0.000111,0.000085,0.000065,0.000050,0.000037,0.000028,0.000021,0.000015,0.000011,0.000008,0.000006,0.000004,0.000003,0.000002,0.000001,0.000001,0.000001,0.000000,0.000000
0.000000,0.000000,0.000001,0.000001,0.000002,0.000003,0.000004,0.000005,0.000008,0.000010,0.000015,0.000020,0.000027,0.000037,0.000049,0.000065,0.000086,0.000113,0.000146,0.000188,0.000240,0.000304,0.000382,0.000476,0.000588,0.000721,0.000876,0.001057,0.001264,0.001500,0.001765,0.002061,0.002386,0.002741,0.003122,0.003528,0.003954,0.004396,0.004847,0.005302,0.005752,0.006190,0.006606,0.006994,0.007345,0.007650,0.007903,0.008099,0.008232,0.008300,0.008300,0.008232,0.008099,0.007903,0.007650,0.007345,0.006994,0.006606,0.006190,0.005752,0.005302,0.004847,0.004396,0.003954,0.003528,0.003122,0.002741,0.002386,0.002061,0.001765,0.001500,0.001264,0.001057,0.000876,0.000721,0.000588,0.000476,0.000382,0.000304,0.000240,0.000188,0.000146,0.000113,0.000086,0.000065,0.000049,0.000037,0.000027,0.000020,0.000015,0.000010,0.000008,0.000005,0.000004,0.000003,0.000002,0.000001,0.000001,0.000000,0.000000
0.000000,0.000000,0.000001,0.000001,0.000002,0.000003,0.000005,0.000007,0.000010,0.000014,0.000019,0.000026,0.000036,0.000048,0.000064,0.000085,0.000113,0.000147,0.000191,0.000246,0.000314,0.000398,0.000500,0.000622,0.000769,0.000943,0.001146,0.001382,0.001653,0.001962,0.002309,0.002695,0.003121,0.003584,0.004083,0.004614,0.005171,0.005749,0.006339,0.006933,0.007522,0.008094,0.008639,0.009146,0.009604,0.010004,0.010335,0.010591,0.010765,0.010853,0.010853,0.010765,0.010591,0.010335,0.010004,0.009604,0.009146,0.008639,0.008094,0.007522,0.006933,0.006339,0.005749,0.005171,0.004614,0.004083,0.003584,0.003121,0.002695,0.002309,0.001962,0.001653,0.001382,0.001146,0.000943,0.000769,0.000622,0.000500,0.000398,0.000314,0.000246,0.000191,0.000147,0.000113,0.000085,0.000064,0.000048,0.000036,0.000026,0.000019,0.000014,0.000010,0.000007,0.000005,0.000003,0.000002,0.000001,0.000001,0.000000,0.000000
0.000000,0.000001,0.000001,0.000002,0.000003,0.000004,0.000006,0.000009,0.000013,0.000018,0.000025,0.000034,0.000046,0.000062,0.000083,0.000111,0.000146,0.000191,0.000248,0.000319,0.000408,0.000516,0.000648,0.000807,0.000998,0.001223,0.001487,0.001793,0.002145,0.002545,0.002995,0.003496,0.004048,0.004649,0.005296,0.005985,0.006708,0.007457,0.008223,0.008993,0.009757,0.010499,0.011206,0.011864,0.012458,0.012976,0.013406,0.013738,0.013963,0.014078,0.014078,0.013963,0.013738,0.013406,0.012976,0.012458,0.011864,0.011206,0.010499,0.009757,0.008993,0.008223,0.007457,0.006708,0.005985,0.005296,0.004649,0.004048,0.003496,0.002995,0.002545,0.002145,0.001793,0.001487,0.001223,0.000998,0.000807,0.000648,0.000516,0.000408,0.000319,0.000248,0.000191,0.000146,0.000111,0.000083,0.000062,0.000046,0.000034,0.000025,0.000018,0.000013,0.000009,0.000006,0.000004,0.000003,0.000002,0.000001,0.000001,0.000000
0.000000,0.000001,0.000002,0.000003,0.000004,0.000006,0.000008,0.000012,0.000016,0.000023,0.000032,0.000044,0.000059,0.000080,0.000107,0.000143,0.000188,0.000246,0.000319,0.000411,0.000524,0.000664,0.000834,0.001039,0.001284,0.001574,0.001913,0.002307,0.002760,0.003275,0.003854,0.004499,0.005209,0.005982,0.006815,0.007700,0.008631,0.009595,0.010580,0.011572,0.012554,0.013509,0.014418,0.015265,0.016029,0.016696,0.017249,0.017675,0.017966,0.018113,0.018113,0.017966,0.017675,0.017249,0.016696,0.016029,0.015265,0.014418,0.013509,0.012554,0.011572,0.010580,0.009595,0.008631,0.007700,0.006815,0.005982,0.005209,0.004499,0.003854,0.003275,0.002760,0.002307,0.001913,0.001574,0.001284,0.001039,0.000834,0.000664,0.000524,0.000411,0.000319,0.000246,0.000188,0.000143,0.000107,0.000080,0.000059,0.000044,0.000032,0.000023,0.000016,0.000012,0.000008,0.000006,0.000004,0.000003,0.000002,0.000001,0.000000
0.000000,0.000001,0.000002,0.000003,0.000005,0.000007,0.000010,0.000015,0.000021,0.000029,0.000040,0.000056,0.000076,0.000102,0.000137,0.000182,0.000240,0.000314,0.000408,0.000524,0.000669,0.000848,0.001065,0.001326,0.001639,0.002009,0.002442,0.002945,0.003523,0.004179,0.004919,0.005742,0.006648,0.007635,0.008698,0.009828,0.011015,0.012245,0.013503,0.014768,0.016022,0.017241,0.018402,0.019481,0.020457,0.021308,0.022014,0.022558,0.022929,0.023116,0.023116,0.022929,0.022558,0.022014,0.021308,0.020457,0.019481,0.018402,0.017241,0.016022,0.014768,0.013503,0.012245,0.011015,0.009828,0.008698,0.007635,0.006648,0.005742,0.004919,0.004179,0.003523,0.002945,0.002442,0.002009,0.001639,0.001326,0.001065,0.000848,0.000669,0.000524,0.000408,0.000314,0.000240,0.000182,0.000137,0.000102,0.000076,0.000056,0.000040,0.000029,0.000021,0.000015,0.000010,0.000007,0.000005,0.000003,0.000002,0.000001,0.000000
0.000000,0.000001,0.000002,0.000004,0.000006,0.000009,0.000013,0.000019,0.000026,0.000037,0.000051,0.000070,0.000096,0.000129,0.000174,0.000231,0.000304,0.000398,0.000516,0.000664,0.000848,0.001073,0.001348,0.001679,0.002075,0.002543,0.003092,0.003728,0.004460,0.005291,0.006227,0.007269,0.008417,0.009666,0.011011,0.012442,0.013945,0.015502,0.017094,0.018696,0.020283,0.021826,0.023296,0.024663,0.025898,0.026975,0.027868,0.028557,0.029027,0.029264,0.029264,0.029027,0.028557,0.027868,0.026975,0.025898,0.024663,0.023296,0.021826,0.020283,0.018696,0.017094,0.015502,0.013945,0.012442,0.011011,0.009666,0.008417,0.007269,0.006227,0.005291,0.004460,0.003728,0.003092,0.002543,0.002075,0.001679,0.001348,0.001073,0.000848,0.000664,0.000516,0.000398,0.000304,0.000231,0.000174,0.000129,0.000096,0.000070,0.000051,0.000037,0.000026,0.000019,0.000013,0.000009,0.000006,0.000004,0.000002,0.000001,0.000000
0.000000,0.000001,0.000003,0.000005,0.000008,0.000011,0.000017,0.000024,0.000033,0.000046,0.000064,0.000088,0.000120,0.000163,0.000218,0.000290,0.000382,0.000500,0.000648,0.000834,0.001065,0.001348,0.001693,0.002109,0.002606,0.003194,0.003883,0.004682,0.005601,0.006645,0.007820,0.009128,0.010569,0.012139,0.013828,0.015624,0.017511,0.019467,0.021466,0.023478,0.025470,0.027407,0.029253,0.030969,0.032520,0.033872,0.034994,0.035860,0.036449,0.036747,0.036747,0.036449,0.035860,0.034994,0.033872,0.032520,0.030969,0.029253,0.027407,0.025470,0.023478,0.021466,0.019467,0.017511,0.015624,0.013828,0.012139,0.010569,0.009128,0.007820,0.006645,0.005601,0.004682,0.003883,0.003194,0.002606,0.002109,0.001693,0.001348,0.001065,0.000834,0.000648,0.000500,0.000382,0.000290,0.000218,0.000163,0.000120,0.000088,0.000064,0.000046,0.000033,0.000024,0.000017,0.000011,0.000008,0.000005,0.000003,0.000001,0.000000
0.000000,0.000002,0.000004,0.000006,0.000010,0.000014,0.000021,0.000029,0.000041,0.000058,0.000080,0.000110,0.000150,0.000203,0.000272,0.000361,0.000476,0.000622,0.000807,0.001039,0.001326,0.001679,0.002109,0.002627,0.003246,0.003979,0.004837,0.005833,0.006977,0.008277,0.009741,0.011371,0.013165,0.015120,0.017224,0.019462,0.021812,0.024248,0.026737,0.029243,0.031725,0.034138,0.036436,0.038574,0.040506,0.042190,0.043587,0.044666,0.045399,0.045771,0.045771,0.045399,0.044666,0.043587,0.042190,0.040506,0.038574,0.036436,0.034138,0.031725,0.029243,0.026737,0.024248,0.021812,0.019462,0.017224,0.015120,0.013165,0.011371,0.009741,0.008277,0.006977,0.005833,0.004837,0.003979,0.003246,0.002627,0.002109,0.001679,0.001326,0.001039,0.000807,0.000622,0.000476,0.000361,0.000272,0.000203,0.000150,0.000110,0.000080,0.000058,0.000041,0.000029,0.000021,0.000014,0.000010,0.000006,0.000004,0.000002,0.000000
0.000000,0.000002,0.000005,0.000008,0.000012,0.000018,0.000026,0.000036,0.000051,0.000072,0.000099,0.000136,0.000185,0.000250,0.000336,0.000446,0.000588,0.000769,0.000998,0.001284,0.001639,0.002075,0.002606,0.003246,0.004011,0.004916,0.005976,0.007207,0.008620,0.010227,0.012036,0.014049,0.016267,0.018682,0.021281,0.024046,0.026950,0.029959,0.033035,0.036131,0.039196,0.042178,0.045017,0.047658,0.050045,0.052126,0.053852,0.055184,0.056090,0.056549,0.056549,0.056090,0.055184,0.053852,0.052126,0.050045,0.047658,0.045017,0.042178,0.039196,0.036131,0.033035,0.029959,0.026950,0.024046,0.021281,0.018682,0.016267,0.014049,0.012036,0.010227,0.008620,0.007207,0.005976,0.004916,0.004011,0.003246,0.002606,0.002075,0.001639,0.001284,0.000998,0.000769,0.000588,0.000446,0.000336,0.000250,0.000185,0.000136,0.000099,0.000072,0.000051,0.000036,0.000026,0.000018,0.000012,0.000008,0.000005,0.000002,0.000000
0.000000,0.000003,0.000006,0.000010,0.000015,0.000022,0.000031,0.000045,0.000063,0.000088,0.000121,0.000167,0.000227,0.000307,0.000411,0.000547,0.000721,0.000943,0.001223,0.001574,0.002009,0.002543,0.003194,0.003979,0.004916,0.006025,0.007325,0.008833,0.010565,0.012534,0.014751,0.017218,0.019936,0.022895,0.026081,0.029469,0.033028,0.036716,0.040485,0.044279,0.048036,0.051689,0.055169,0.058406,0.061331,0.063880,0.065996,0.067628,0.068739,0.069301,0.069301,0.068739,0.067628,0.065996,0.063880,0.061331,0.058406,0.055169,0.051689,0.048036,0.044279,0.040485,0.036716,0.033028,0.029469,0.026081,0.022895,0.019936,0.017218,0.014751,0.012534,0.010565,0.008833,0.007325,0.006025,0.004916,0.003979,0.003194,0.002543,0.002009,0.001574,0.001223,0.000943,0.000721,0.000547,0.000411,0.000307,0.000227,0.000167,0.000121,0.000088,0.000063,0.000045,0.000031,0.000022,0.000015,0.000010,0.000006,0.000003,0.000000
0.000000,0.000003,0.000007,0.000012,0.000018,0.000026,0.000038,0.000054,0.000076,0.000107,0.000148,0.000203,0.000276,0.000373,0.000500,0.000665,0.000876,0.001146,0.001487,0.001913,0.002442,0.003092,0.003883,0.004837,0.005976,0.007325,0.008905,0.010738,0.012844,0.015238,0.017932,0.020932,0.024235,0.027832,0.031705,0.035824,0.040149,0.044632,0.049214,0.053826,0.058393,0.062833,0.067063,0.070998,0.074553,0.077652,0.080224,0.082208,0.083558,0.084241,0.084241,0.083558,0.082208,0.080224,0.077652,0.074553,0.070998,0.067063,0.062833,0.058393,0.053826,0.049214,0.044632,0.040149,0.035824,0.031705,0.027832,0.024235,0.020932,0.017932,0.015238,0.012844,0.010738,0.008905,0.007325,0.005976,0.004837,0.003883,0.003092,0.002442,0.001913,0.001487,0.001146,0.000876,0.000665,0.000500,0.000373,0.000276,0.000203,0.000148,0.000107,0.000076,0.000054,0.000038,0.000026,0.000018,0.000012,0.000007,0.000003,0.000000
0.000000,0.000004,0.000008,0.000014,0.000022,0.000032,0.000046,0.000065,0.000092,0.000129,0.000178,0.000245,0.000333,0.000450,0.000603,0.000802,0.001057,0.001382,0.001793,0.002307,0.002945,0.003728,0.004682,0.005833,0.007207,0.008833,0.010738,0.012948,0.015487,0.018374,0.021623,0.025240,0.029223,0.033561,0.038230,0.043196,0.048411,0.053817,0.059341,0.064902,0.070408,0.075763,0.080863,0.085607,0.089894,0.093630,0.096730,0.099123,0.100750,0.101574,0.101574,0.100750,0.099123,0.096730,0.093630,0.089894,0.085607,0.080863,0.075763,0.070408,0.064902,0.059341,0.053817,0.048411,0.043196,0.038230,0.033561,0.029223,0.025240,0.021623,0.018374,0.015487,0.012948,0.010738,0.008833,0.007207,0.005833,0.004682,0.003728,0.002945,0.002307,0.001793,0.001382,0.001057,0.000802,0.000603,0.000450,0.000333,0.000245,0.000178,0.000129,0.000092,0.000065,0.000046,0.000032,0.000022,0.000014,0.000008,0.000004,0.000000
0.000000,0.000005,0.000010,0.000017,0.000026,0.000038,0.000055,0.000078,0.000110,0.000154,0.000213,0.000293,0.000399,0.000538,0.000721,0.000959,0.001264,0.001653,0.002145,0.002760,0.003523,0.004460,0.005601,0.006977,0.008620,0.010565,0.012844,0.015487,0.018524,0.021977,0.025862,0.030188,0.034952,0.040140,0.045724,0.051664,0.057902,0.064367,0.070973,0.077624,0.084209,0.090613,0.096713,0.102386,0.107513,0.111981,0.115689,0.118551,0.120497,0.121483,0.121483,0.120497,0.118551,0.115689,0.111981,0.107513,0.102386,0.096713,0.090613,0.084209,0.077624,0.070973,0.064367,0.057902,0.051664,0.045724,0.040140,0.034952,0.030188,0.025862,0.021977,0.018524,0.015487,0.012844,0.010565,0.008620,0.006977,0.005601,0.004460,0.003523,0.002760,0.002145,0.001653,0.001264,0.000959,0.000721,0.000538,0.000399,0.000293,0.000213,0.000154,0.000110,0.000078,0.000055,0.000038,0.000026,0.000017,0.000010,0.000005,0.000000
0.000000,0.000006,0.000012,0.000020,0.000031,0.000045,0.000065,0.000093,0.000131,0.000183,0.000253,0.000347,0.000473,0.000639,0.000856,0.001138,0.001500,0.001962,0.002545,0.003275,0.004179,0.005291,0.006645,0.008277,0.010227,0.012534,0.015238,0.018374,0.021977,0.026073,0.030683,0.035815,0.041466,0.047621,0.054246,0.061292,0.068692,0.076361,0.084199,0.092088,0.099901,0.107497,0.114733,0.121463,0.127546,0.132846,0.137245,0.140639,0.142949,0.144118,0.144118,0.142949,0.140639,0.137245,0.132846,0.127546,0.121463,0.114733,0.107497,0.099901,0.092088,0.084199,0.076361,0.068692,0.061292,0.054246,0.047621,0.041466,0.035815,0.030683,0.026073,0.021977,0.018374,0.015238,0.012534,0.010227,0.008277,0.006645,0.005291,0.004179,0.003275,0.002545,0.001962,0.001500,0.001138,0.000856,0.000639,0.000473,0.000347,0.000253,0.000183,0.000131,0.000093,0.000065,0.000045,0.000031,0.000020,0.000012,0.000006,0.000000
0.000000,0.000007,0.000014,0.000024,0.000036,0.000053,0.000077,0.000109,0.000154,0.000215,0.000298,0.000409,0.000557,0.000752,0.001007,0.001339,0.001765,0.002309,0.002995,0.003854,0.004919,0.006227,0.007820,0.009741,0.012036,0.014751,0.017932,0.021623,0.025862,0.030683,0.036107,0.042146,0.048796,0.056038,0.063834,0.072125,0.080833,0.089857,0.099080,0.108364,0.117556,0.126495,0.135010,0.142929,0.150086,0.156323,0.161499,0.165493,0.168210,0.169586,0.169586,0.168210,0.165493,0.161499,0.156323,0.150086,0.142929,0.135010,0.126495,0.117556,0.108364,0.099080,0.089857,0.080833,0.072125,0.063834,0.056038,0.048796,0.042146,0.036107,0.030683,0.025862,0.021623,0.017932,0.014751,0.012036,0.009741,0.007820,0.006227,0.004919,0.003854,0.002995,0.002309,0.001765,0.001339,0.001007,0.000752,0.000557,0.000409,0.000298,0.000215,0.000154,0.000109,0.000077,0.000053,0.000036,0.000024,0.000014,0.000007,0.000000
0.000000,0.000008,0.000016,0.000027,0.000042,0.000062,0.000090,0.000128,0.000180,0.000251,0.000347,0.000477,0.000650,0.000878,0.001176,0.001563,0.002061,0.002695,0.003496,0.004499,0.005742,0.007269,0.009128,0.011371,0.014049,0.017218,0.020932,0.025240,0.030188,0.035815,0.042146,0.049194,0.056957,0.065410,0.074509,0.084186,0.094350,0.104883,0.115648,0.126483,0.137213,0.147645,0.157583,0.166827,0.175180,0.182460,0.188501,0.193162,0.196334,0.197939,0.197939,0.196334,0.193162,0.188501,0.182460,0.175180,0.166827,0.157583,0.147645,0.137213,0.126483,0.115648,0.104883,0.094350,0.084186,0.074509,0.065410,0.056957,0.049194,0.042146,0.035815,0.030188,0.025240,0.020932,0.017218,0.014049,0.011371,0.009128,0.007269,0.005742,0.004499,0.003496,0.002695,0.002061,0.001563,0.001176,0.000878,0.000650,0.000477,0.000347,0.000251,0.000180,0.000128,0.000090,0.000062,0.000042,0.000027,0.000016,0.000008,0.000000
0.000000,0.000009,0.000019,0.000032,0.000049,0.000072,0.000104,0.000148,0.000208,0.000291,0.000402,0.000552,0.000752,0.001016,0.001362,0.001810,0.002386,0.003121,0.004048,0.005209,0.006648,0.008417,0.010569,0.013165,0.016267,0.019936,0.024235,0.029223,0.034952,0.041466,0.048796,0.056957,0.065944,0.075730,0.086265,0.097469,0.109235,0.121430,0.133892,0.146437,0.158859,0.170937,0.182442,0.193143,0.202814,0.211242,0.218236,0.223632,0.227304,0.229163,0.229163,0.227304,0.223632,0.218236,0.211242,0.202814,0.193143,0.182442,0.170937,0.158859,0.146437,0.133892,0.121430,0.109235,0.097469,0.086265,0.075730,0.065944,0.056957,0.048796,0.041466,0.034952,0.029223,0.024235,0.019936,0.016267,0.013165,0.010569,0.008417,0.006648,0.005209,0.004048,0.003121,0.002386,0.001810,0.001362,0.001016,0.000752,0.000552,0.000402,0.000291,0.000208,0.000148,0.000104,0.000072,0.000049,0.000032,0.000019,0.000009,0.000000
0.000000,0.000010,0.000022,0.000037,0.000056,0.000082,0.000119,0.000170,0.000239,0.000334,0.000462,0.000634,0.000864,0.001167,0.001564,0.002079,0.002741,0.003584,0.004649,0.005982,0.007635,0.009666,0.012139,0.015120,0.018682,0.022895,0.027832,0.033561,0.040140,0.047621,0.056038,0.065410,0.075730,0.086969,0.099066,0.111933,0.125445,0.139449,0.153760,0.168166,0.182430,0.196300,0.209512,0.221801,0.232906,0.242584,0.250615,0.256813,0.261029,0.263163,0.263163,0.261029,0.256813,0.250615,0.242584,0.232906,0.221801,0.209512,0.196300,0.182430,0.168166,0.153760,0.139449,0.125445,0.111933,0.099066,0.086969,0.075730,0.065410,0.056038,0.047621,0.040140,0.033561,0.027832,0.022895,0.018682,0.015120,0.012139,0.009666,0.007635,0.005982,0.004649,0.003584,0.002741,0.002079,0.001564,0.001167,0.000864,0.000634,0.000462,0.000334,0.000239,0.000170,0.000119,0.000082,0.000056,0.000037,0.000022,0.000010,0.000000
0.000000,0.000012,0.000025,0.000042,0.000064,0.000094,0.000136,0.000193,0.000272,0.000380,0.000526,0.000723,0.000984,0.001330,0.001782,0.002368,0.003122,0.004083,0.005296,0.006815,0.008698,0.011011,0.013828,0.017224,0.021281,0.026081,0.031705,0.038230,0.045724,0.054246,0.063834,0.074509,0.086265,0.099066,0.112846,0.127502,0.142893,0.158844,0.175146,0.191554,0.207802,0.223601,0.238650,0.252647,0.265296,0.276320,0.285468,0.292527,0.297330,0.299761,0.299761,0.297330,0.292527,0.285468,0.276320,0.265296,0.252647,0.238650,0.223601,0.207802,0.191554,0.175146,0.158844,0.142893,0.127502,0.112846,0.099066,0.086265,0.074509,0.063834,0.054246,0.045724,0.038230,0.031705,0.026081,0.021281,0.017224,0.013828,0.011011,0.008698,0.006815,0.005296,0.004083,0.003122,0.002368,0.001782,0.001330,0.000984,0.000723,0.000526,0.000380,0.000272,0.000193,0.000136,0.000094,0.000064,0.000042,0.000025,0.000012,0.000000
0.000000,0.000013,0.000028,0.000047,0.000072,0.000106,0.000153,0.000218,0.000308,0.000430,0.000595,0.000817,0.001112,0.001503,0.002013,0.002676,0.003528,0.004614,0.005985,0.007700,0.009828,0.012442,0.015624,0.019462,0.024046,0.029469,0.035824,0.043196,0.051664,0.061292,0.072125,0.084186,0.097469,0.111933,0.127502,0.144060,0.161449,0.179472,0.197889,0.216429,0.234786,0.252636,0.269638,0.285452,0.299744,0.312198,0.322534,0.330509,0.335936,0.338682,0.338682,0.335936,0.330509,0.322534,0.312198,0.299744,0.285452,0.269638,0.252636,0.234786,0.216429,0.197889,0.179472,0.161449,0.144060,0.127502,0.111933,0.097469,0.084186,0.072125,0.061292,0.051664,0.043196,0.035824,0.029469,0.024046,0.019462,0.015624,0.012442,0.009828,0.007700,0.005985,0.004614,0.003528,0.002676,0.002013,0.001503,0.001112,0.000817,0.000595,0.000430,0.000308,0.000218,0.000153,0.000106,0.000072,0.000047,0.000028,0.000013,0.000000
0.000000,0.000015,0.000032,0.000053,0.000081,0.000119,0.000172,0.000245,0.000345,0.000482,0.000667,0.000915,0.001247,0.001684,0.002257,0.002999,0.003954,0.005171,0.006708,0.008631,0.011015,0.013945,0.017511,0.021812,0.026950,0.033028,0.040149,0.048411,0.057902,0.068692,0.080833,0.094350,0.109235,0.125445,0.142893,0.161449,0.180938,0.201135,0.221775,0.242552,0.263124,0.283128,0.302182,0.319905,0.335920,0.349878,0.361460,0.370398,0.376479,0.379557,0.379557,0.376479,0.370398,0.361460,0.349878,0.335920,0.319905,0.302182,0.283128,0.263124,0.242552,0.221775,0.201135,0.180938,0.161449,0.142893,0.125445,0.109235,0.094350,0.080833,0.068692,0.057902,0.048411,0.040149,0.033028,0.026950,0.021812,0.017511,0.013945,0.011015,0.008631,0.006708,0.005171,0.003954,0.002999,0.002257,0.001684,0.001247,0.000915,0.000667,0.000482,0.000345,0.000245,0.000172,0.000119,0.000081,0.000053,0.000032,0.000015,0.000000
0.000000,0.000016,0.000035,0.000059,0.000090,0.000132,0.000191,0.000272,0.000383,0.000535,0.000741,0.001018,0.001386,0.001872,0.002509,0.003334,0.004396,0.005749,0.007457,0.009595,0.012245,0.015502,0.019467,0.024248,0.029959,0.036716,0.044632,0.053817,0.064367,0.076361,0.089857,0.104883,0.121430,0.139449,0.158844,0.179472,0.201135,0.223587,0.246530,0.269625,0.292493,0.314729,0.335910,0.355610,0.373413,0.388928,0.401803,0.411738,0.418498,0.421919,0.421919,0.418498,0.411738,0.401803,0.388928,0.373413,0.355610,0.335910,0.314729,0.292493,0.269625,0.246530,0.223587,0.201135,0.179472,0.158844,0.139449,0.121430,0.104883,0.089857,0.076361,0.064367,0.053817,0.044632,0.036716,0.029959,0.024248,0.019467,0.015502,0.012245,0.009595,0.007457,0.005749,0.004396,0.003334,0.002509,0.001872,0.001386,0.001018,0.000741,0.000535,0.000383,0.000272,0.000191,0.000132,0.000090,0.000059,0.000035,0.000016,0.000000
0.000000,0.000018,0.000039,0.000065,0.000099,0.000146,0.000211,0.000300,0.000423,0.000590,0.000817,0.001122,0.001528,0.002065,0.002766,0.003677,0.004847,0.006339,0.008223,0.010580,0.013503,0.017094,0.021466,0.026737,0.033035,0.040485,0.049214,0.059341,0.070973,0.084199,0.099080,0.115648,0.133892,0.153760,0.175146,0.197889,0.221775,0.246530,0.271828,0.297292,0.322506,0.347023,0.370377,0.392098,0.411727,0.428834,0.443029,0.453984,0.461437,0.465209,0.465209,0.461437,0.453984,0.443029,0.428834,0.411727,0.392098,0.370377,0.347023,0.322506,0.297292,0.271828,0.246530,0.221775,0.197889,0.175146,0.153760,0.133892,0.115648,0.099080,0.084199,0.070973,0.059341,0.049214,0.040485,0.033035,0.026737,0.021466,0.017094,0.013503,0.010580,0.008223,0.006339,0.004847,0.003677,0.002766,0.002065,0.001528,0.001122,0.000817,0.000590,0.000423,0.000300,0.000211,0.000146,0.000099,0.000065,0.000039,0.000018,0.000000
0.000000,0.000020,0.000042,0.000071,0.000108,0.000160,0.000230,0.000328,0.000463,0.000646,0.000894,0.001228,0.001672,0.002258,0.003026,0.004022,0.005302,0.006933,0.008993,0.011572,0.014768,0.018696,0.023478,0.029243,0.036131,0.044279,0.053826,0.064902,0.077624,0.092088,0.108364,0.126483,0.146437,0.168166,0.191554,0.216429,0.242552,0.269625,0.297292,0.325141,0.352717,0.379530,0.405071,0.428826,0.450293,0.469002,0.484527,0.496507,0.504658,0.508784,0.508784,0.504658,0.496507,0.484527,0.469002,0.450293,0.428826,0.405071,0.379530,0.352717,0.325141,0.297292,0.269625,0.242552,0.216429,0.191554,0.168166,0.146437,0.126483,0.108364,0.092088,0.077624,0.064902,0.053826,0.044279,0.036131,0.029243,0.023478,0.018696,0.014768,0.011572,0.008993,0.006933,0.005302,0.004022,0.003026,0.002258,0.001672,0.001228,0.000894,0.000646,0.000463,0.000328,0.000230,0.000160,0.000108,0.000071,0.000042,0.000020,0.000000
0.000000,0.000022,0.000046,0.000077,0.000118,0.000173,0.000250,0.000356,0.000502,0.000701,0.000970,0.001332,0.001814,0.002450,0.003283,0.004363,0.005752,0.007522,0.009757,0.012554,0.016022,0.020283,0.025470,0.031725,0.039196,0.048036,0.058393,0.070408,0.084209,0.099901,0.117556,0.137213,0.158859,0.182430,0.207802,0.234786,0.263124,0.292493,0.322506,0.352717,0.382631,0.411718,0.439424,0.465193,0.488481,0.508776,0.525617,0.538613,0.547455,0.551931,0.551931,0.547455,0.538613,0.525617,0.508776,0.488481,0.465193,0.439424,0.411718,0.382631,0.352717,0.322506,0.292493,0.263124,0.234786,0.207802,0.182430,0.158859,0.137213,0.117556,0.099901,0.084209,0.070408,0.058393,0.048036,0.039196,0.031725,0.025470,0.020283,0.016022,0.012554,0.009757,0.007522,0.005752,0.004363,0.003283,0.002450,0.001814,0.001332,0.000970,0.000701,0.000502,0.000356,0.000250,0.000173,0.000118,0.000077,0.000046,0.000022,0.000000
0.000000,0.000023,0.000050,0.000083,0.000126,0.000186,0.000269,0.000383,0.000540,0.000754,0.001044,0.001433,0.001952,0.002636,0.003533,0.004695,0.006190,0.008094,0.010499,0.013509,0.017241,0.021826,0.027407,0.034138,0.042178,0.051689,0.062833,0.075763,0.090613,0.107497,0.126495,0.147645,0.170937,0.196300,0.223601,0.252636,0.283128,0.314729,0.347023,0.379530,0.411718,0.443015,0.472827,0.500555,0.525612,0.547449,0.565571,0.579554,0.589068,0.593884,0.593884,0.589068,0.579554,0.565571,0.547449,0.525612,0.500555,0.472827,0.443015,0.411718,0.379530,0.347023,0.314729,0.283128,0.252636,0.223601,0.196300,0.170937,0.147645,0.126495,0.107497,0.090613,0.075763,0.062833,0.051689,0.042178,0.034138,0.027407,0.021826,0.017241,0.013509,0.010499,0.008094,0.006190,0.004695,0.003533,0.002636,0.001952,0.001433,0.001044,0.000754,0.000540,0.000383,0.000269,0.000186,0.000126,0.000083,0.000050,0.000023,0.000000
0.000000,0.000025,0.000053,0.000088,0.000135,0.000199,0.000287,0.000409,0.000576,0.000805,0.001114,0.001530,0.002083,0.002814,0.003771,0.005011,0.006606,0.008639,0.011206,0.014418,0.018402,0.023296,0.029253,0.036436,0.045017,0.055169,0.067063,0.080863,0.096713,0.114733,0.135010,0.157583,0.182442,0.209512,0.238650,0.269638,0.302182,0.335910,0.370377,0.405071,0.439424,0.472827,0.504645,0.534238,0.560981,0.584288,0.603628,0.618553,0.628707,0.633846,0.633846,0.628707,0.618553,0.603628,0.584288,0.560981,0.534238,0.504645,0.472827,0.439424,0.405071,0.370377,0.335910,0.302182,0.269638,0.238650,0.209512,0.182442,0.157583,0.135010,0.114733,0.096713,0.080863,0.067063,0.055169,0.045017,0.036436,0.029253,0.023296,0.018402,0.014418,0.011206,0.008639,0.006606,0.005011,0.003771,0.002814,0.002083,0.001530,0.001114,0.000805,0.000576,0.000409,0.000287,0.000199,0.000135,0.000088,0.000053,0.000025,0.000000
0.000000,0.000026,0.000056,0.000093,0.000143,0.000211,0.000304,0.000433,0.000610,0.000852,0.001180,0.001620,0.002206,0.002979,0.003992,0.005305,0.006994,0.009146,0.011864,0.015265,0.019481,0.024663,0.030969,0.038574,0.047658,0.058406,0.070998,0.085607,0.102386,0.121463,0.142929,0.166827,0.193143,0.221801,0.252647,0.285452,0.319905,0.355610,0.392098,0.428826,0.465193,0.500555,0.534238,0.565566,0.593877,0.618550,0.639024,0.654824,0.665573,0.671014,0.671014,0.665573,0.654824,0.639024,0.618550,0.593877,0.565566,0.534238,0.500555,0.465193,0.428826,0.392098,0.355610,0.319905,0.285452,0.252647,0.221801,0.193143,0.166827,0.142929,0.121463,0.102386,0.085607,0.070998,0.058406,0.047658,0.038574,0.030969,0.024663,0.019481,0.015265,0.011864,0.009146,0.006994,0.005305,0.003992,0.002979,0.002206,0.001620,0.001180,0.000852,0.000610,0.000433,0.000304,0.000211,0.000143,0.000093,0.000056,0.000026,0.000000
