0.000000,0.000000,0.000000,0.000000,0.000000,0.000000,0.000000,0.000000,0.000000,0.000000,0.000000,0.000000,0.000000,0.000000,0.000000,0.000000,0.000000,0.000000,0.000000,0.000000,0.000000,0.000000,0.000000,0.000000,0.000000,0.000000,0.000000,0.000000,0.000000,0.000000,0.000000,0.000000,0.000000,0.000000,0.000000,0.000000,0.000000,0.000000,0.000000,0.000000,0.000000,0.000000,0.000000,0.000000,0.000000,0.000000,0.000000,0.000000,0.000000,0.000000,0.000000,0.000000,0.000000,0.000000,0.000000,0.000000,0.000000,0.000000,0.000000,0.000000,0.000000,0.000000,0.000000,0.000000,0.000000,0.000000,0.000000,0.000000,0.000000,0.000000,0.000000,0.000000,0.000000,0.000000,0.000000,0.000000,0.000000,0.000000,0.000000,0.000000,0.000000,0.000000,0.000000,0.000000,0.000000,0.000000,0.000000,0.000000,0.000000,0.000000,0.000000,0.000000,0.000000,0.000000,0.000000,0.000000,0.000000,0.000000,0.000000,0.000000
0.000000,0.000001,0.000002,0.000003,0.000004,0.000005,0.000007,0.000009,0.000011,0.000013,0.000016,0.000019,0.000023,0.000027,0.000033,0.000039,0.000045,0.000053,0.000062,0.000072,0.000083,0.000095,0.000108,0.000123,0.000139,0.000157,0.000176,0.000196,0.000218,0.000241,0.000265,0.000290,0.000316,0.000342,0.000370,0.000397,0.000424,0.000451,0.000478,0.000504,0.000528,0.000551,0.000573,0.000592,0.000609,0.000624,0.000636,0.000645,0.000651,0.000655,0.000655,0.000651,0.000645,0.000636,0.000624,0.000609,0.000592,0.000573,0.000551,0.000528,0.000504,0.000478,0.000451,0.000424,0.000397,0.000370,0.000342,0.000316,0.000290,0.000265,0.000241,0.000218,0.000196,0.000176,0.000157,0.000139,0.000123,0.000108,0.000095,0.000083,0.000072,0.000062,0.000053,0.000045,0.000039,0.000033,0.000027,0.000023,0.000019,0.000016,0.000013,0.000011,0.000009,0.000007,0.000005,0.000004,0.000003,0.000002,0.000001,0.000000
0.000000,0.000002,0.000004,0.000006,0.000008,0.000011,0.000014,0.000018,0.000022,0.000027,0.000032,0.000039,0.000047,0.000056,0.000067,0.000079,0.000092,0.000108,0.000126,0.000146,0.000168,0.000193,0.000221,0.000251,0.000284,0.000320,0.000359,0.000400,0.000445,0.000491,0.000540,0.000592,0.000645,0.000699,0.000754,0.000810,0.000866,0.000921,0.000975,0.001028,0.001078,0.001125,0.001169,0.001209,0.001244,0.001274,0.001298,0.001317,0.001329,0.001336,0.001336,0.001329,0.001317,0.001298,0.001274,0.001244,0.001209,0.001169,0.001125,0.001078,0.001028,0.000975,0.000921,0.000866,0.000810,0.000754,0.000699,0.000645,0.000592,0.000540,0.000491,0.000445,0.000400,0.000359,0.000320,0.000284,0.000251,0.000221,0.000193,0.000168,0.000146,0.000126,0.000108,0.000092,0.000079,0.000067,0.000056,0.000047,0.000039,0.000032,0.000027,0.000022,0.000018,0.000014,0.000011,0.000008,0.000006,0.000004,0.000002,0.000000
0.000000,0.000003,0.000006,0.000009,0.000013,0.000017,0.000022,0.000027,0.000034,0.000041,0.000050,0.000061,0.000073,0.000087,0.000103,0.000122,0.000143,0.000168,0.000195,0.000226,0.000261,0.000300,0.000342,0.000389,0.000441,0.000496,0.000556,0.000621,0.000689,0.000762,0.000838,0.000917,0.000999,0.001084,0.001169,0.001256,0.001343,0.001428,0.001512,0.001594,0.001672,0.001745,0.001812,0.001874,0.001928,0.001975,0.002013,0.002042,0.002061,0.002071,0.002071,0.002061,0.002042,0.002013,0.001975,0.001928,0.001874,0.001812,0.001745,0.001672,0.001594,0.001512,0.001428,0.001343,0.001256,0.001169,0.001084,0.000999,0.000917,0.000838,0.000762,0.000689,0.000621,0.000556,0.000496,0.000441,0.000389,0.000342,0.000300,0.000261,0.000226,0.000195,0.000168,0.000143,0.000122,0.000103,0.000087,0.000073,0.000061,0.000050,0.000041,0.000034,0.000027,0.000022,0.000017,0.000013,0.000009,0.000006,0.000003,0.000000
0.000000,0.000004,0.000008,0.000013,0.000018,0.000024,0.000030,0.000038,0.000047,0.000058,0.000070,0.000084,0.000101,0.000121,0.000144,0.000170,0.000200,0.000234,0.000272,0.000316,0.000364,0.000418,0.000478,0.000543,0.000615,0.000692,0.000776,0.000866,0.000962,0.001063,0.001169,0.001279,0.001394,0.001511,0.001631,0.001752,0.001873,0.001992,0.002109,0.002223,0.002331,0.002433,0.002528,0.002614,0.002689,0.002754,0.002807,0.002848,0.002875,0.002889,0.002889,0.002875,0.002848,0.002807,0.002754,0.002689,0.002614,0.002528,0.002433,0.002331,0.002223,0.002109,0.001992,0.001873,0.001752,0.001631,0.001511,0.001394,0.001279,0.001169,0.001063,0.000962,0.000866,0.000776,0.000692,0.000615,0.000543,0.000478,0.000418,0.000364,0.000316,0.000272,0.000234,0.000200,0.000170,0.000144,0.000121,0.000101,0.000084,0.000070,0.000058,0.000047,0.000038,0.000030,0.000024,0.000018,0.000013,0.000008,0.000004,0.000000
0.000000,0.000005,0.000011,0.000017,0.000024,0.000031,0.000040,0.000050,0.000062,0.000076,0.000092,0.000112,0.000134,0.000160,0.000190,0.000225,0.000264,0.000309,0.000360,0.000417,0.000481,0.000553,0.000631,0.000718,0.000812,0.000915,0.001026,0.001145,0.001271,0.001405,0.001545,0.001691,0.001842,0.001998,0.002156,0.002316,0.002475,0.002633,0.002788,0.002938,0.003081,0.003216,0.003341,0.003454,0.003555,0.003640,0.003710,0.003764,0.003800,0.003818,0.003818,0.003800,0.003764,0.003710,0.003640,0.003555,0.003454,0.003341,0.003216,0.003081,0.002938,0.002788,0.002633,0.002475,0.002316,0.002156,0.001998,0.001842,0.001691,0.001545,0.001405,0.001271,0.001145,0.001026,0.000915,0.000812,0.000718,0.000631,0.000553,0.000481,0.000417,0.000360,0.000309,0.000264,0.000225,0.000190,0.000160,0.000134,0.000112,0.000092,0.000076,0.000062,0.000050,0.000040,0.000031,0.000024,0.000017,0.000011,0.000005,0.000000
0.000000,0.000007,0.000014,0.000022,0.000030,0.000040,0.000051,0.000064,0.000079,0.000097,0.000118,0.000143,0.000172,0.000205,0.000244,0.000288,0.000338,0.000396,0.000461,0.000535,0.000617,0.000708,0.000809,0.000920,0.001041,0.001172,0.001314,0.001466,0.001628,0.001799,0.001979,0.002166,0.002360,0.002559,0.002762,0.002966,0.003171,0.003373,0.003572,0.003764,0.003947,0.004120,0.004280,0.004425,0.004553,0.004663,0.004753,0.004821,0.004867,0.004891,0.004891,0.004867,0.004821,0.004753,0.004663,0.004553,0.004425,0.004280,0.004120,0.003947,0.003764,0.003572,0.003373,0.003171,0.002966,0.002762,0.002559,0.002360,0.002166,0.001979,0.001799,0.001628,0.001466,0.001314,0.001172,0.001041,0.000920,0.000809,0.000708,0.000617,0.000535,0.000461,0.000396,0.000338,0.000288,0.000244,0.000205,0.000172,0.000143,0.000118,0.000097,0.000079,0.000064,0.000051,0.000040,0.000030,0.000022,0.000014,0.000007,0.000000
0.000000,0.000009,0.000018,0.000027,0.000038,0.000050,0.000064,0.000081,0.000100,0.000122,0.000149,0.000180,0.000216,0.000258,0.000306,0.000361,0.000425,0.000497,0.000579,0.000671,0.000774,0.000889,0.001016,0.001155,0.001307,0.001472,0.001650,0.001841,0.002044,0.002259,0.002485,0.002720,0.002964,0.003213,0.003468,0.003724,0.003981,0.004235,0.004484,0.004726,0.004956,0.005173,0.005374,0.005556,0.005717,0.005855,0.005968,0.006053,0.006111,0.006140,0.006140,0.006111,0.006053,0.005968,0.005855,0.005717,0.005556,0.005374,0.005173,0.004956,0.004726,0.004484,0.004235,0.003981,0.003724,0.003468,0.003213,0.002964,0.002720,0.002485,0.002259,0.002044,0.001841,0.001650,0.001472,0.001307,0.001155,0.001016,0.000889,0.000774,0.000671,0.000579,0.000497,0.000425,0.000361,0.000306,0.000258,0.000216,0.000180,0.000149,0.000122,0.000100,0.000081,0.000064,0.000050,0.000038,0.000027,0.000018,0.000009,0.000000
0.000000,0.000011,0.000022,0.000034,0.000047,0.000062,0.000079,0.000100,0.000124,0.000152,0.000184,0.000223,0.000267,0.000319,0.000379,0.000448,0.000526,0.000616,0.000717,0.000831,0.000959,0.001101,0.001258,0.001430,0.001619,0.001823,0.002044,0.002280,0.002532,0.002798,0.003077,0.003369,0.003670,0.003979,0.004294,0.004612,0.004930,0.005245,0.005553,0.005852,0.006137,0.006406,0.006655,0.006880,0.007080,0.007250,0.007390,0.007496,0.007568,0.007604,0.007604,0.007568,0.007496,0.007390,0.007250,0.007080,0.006880,0.006655,0.006406,0.006137,0.005852,0.005553,0.005245,0.004930,0.004612,0.004294,0.003979,0.003670,0.003369,0.003077,0.002798,0.002532,0.002280,0.002044,0.001823,0.001619,0.001430,0.001258,0.001101,0.000959,0.000831,0.000717,0.000616,0.000526,0.000448,0.000379,0.000319,0.000267,0.000223,0.000184,0.000152,0.000124,0.000100,0.000079,0.000062,0.000047,0.000034,0.000022,0.000011,0.000000
0.000000,0.000013,0.000027,0.000041,0.000058,0.000076,0.000097,0.000122,0.000152,0.000186,0.000226,0.000273,0.000328,0.000391,0.000464,0.000549,0.000645,0.000755,0.000879,0.001019,0.001176,0.001350,0.001542,0.001753,0.001984,0.002235,0.002505,0.002795,0.003103,0.003430,0.003772,0.004129,0.004499,0.004878,0.005264,0.005653,0.006043,0.006429,0.006807,0.007173,0.007523,0.007852,0.008157,0.008433,0.008678,0.008887,0.009058,0.009188,0.009276,0.009320,0.009320,0.009276,0.009188,0.009058,0.008887,0.008678,0.008433,0.008157,0.007852,0.007523,0.007173,0.006807,0.006429,0.006043,0.005653,0.005264,0.004878,0.004499,0.004129,0.003772,0.003430,0.003103,0.002795,0.002505,0.002235,0.001984,0.001753,0.001542,0.001350,0.001176,0.001019,0.000879,0.000755,0.000645,0.000549,0.000464,0.000391,0.000328,0.000273,0.000226,0.000186,0.000152,0.000122,0.000097,0.000076,0.000058,0.000041,0.000027,0.000013,0.000000
0.000000,0.000016,0.000032,0.000050,0.000070,0.000092,0.000118,0.000149,0.000184,0.000226,0.000275,0.000332,0.000398,0.000476,0.000565,0.000667,0.000785,0.000918,0.001069,0.001239,0.001429,0.001641,0.001875,0.002132,0.002413,0.002717,0.003046,0.003398,0.003773,0.004170,0.004586,0.005021,0.005470,0.005931,0.006400,0.006874,0.007347,0.007816,0.008276,0.008721,0.009146,0.009547,0.009917,0.010254,0.010551,0.010805,0.011013,0.011171,0.011278,0.011332,0.011332,0.011278,0.011171,0.011013,0.010805,0.010551,0.010254,0.009917,0.009547,0.009146,0.008721,0.008276,0.007816,0.007347,0.006874,0.006400,0.005931,0.005470,0.005021,0.004586,0.004170,0.003773,0.003398,0.003046,0.002717,0.002413,0.002132,0.001875,0.001641,0.001429,0.001239,0.001069,0.000918,0.000785,0.000667,0.000565,0.000476,0.000398,0.000332,0.000275,0.000226,0.000184,0.000149,0.000118,0.000092,0.000070,0.000050,0.000032,0.000016,0.000000
0.000000,0.000019,0.000039,0.000061,0.000084,0.000112,0.000143,0.000180,0.000223,0.000273,0.000332,0.000401,0.000481,0.000574,0.000682,0.000806,0.000948,0.001109,0.001291,0.001497,0.001726,0.001982,0.002264,0.002574,0.002913,0.003281,0.003678,0.004104,0.004557,0.005036,0.005539,0.006063,0.006605,0.007162,0.007729,0.008301,0.008873,0.009439,0.009994,0.010531,0.011045,0.011528,0.011976,0.012382,0.012741,0.013047,0.013298,0.013490,0.013619,0.013684,0.013684,0.013619,0.013490,0.013298,0.013047,0.012741,0.012382,0.011976,0.011528,0.011045,0.010531,0.009994,0.009439,0.008873,0.008301,0.007729,0.007162,0.006605,0.006063,0.005539,0.005036,0.004557,0.004104,0.003678,0.003281,0.002913,0.002574,0.002264,0.001982,0.001726,0.001497,0.001291,0.001109,0.000948,0.000806,0.000682,0.000574,0.000481,0.000401,0.000332,0.000273,0.000223,0.000180,0.000143,0.000112,0.000084,0.000061,0.000039,0.000019,0.000000
0.000000,0.000023,0.000047,0.000073,0.000101,0.000134,0.000172,0.000216,0.000267,0.000328,0.000398,0.000481,0.000578,0.000690,0.000819,0.000968,0.001138,0.001331,0.001550,0.001797,0.002072,0.002379,0.002718,0.003090,0.003497,0.003939,0.004416,0.004926,0.005470,0.006045,0.006648,0.007277,0.007928,0.008596,0.009277,0.009963,0.010650,0.011330,0.011996,0.012641,0.013257,0.013837,0.014375,0.014862,0.015292,0.015661,0.015962,0.016191,0.016346,0.016424,0.016424,0.016346,0.016191,0.015962,0.015661,0.015292,0.014862,0.014375,0.013837,0.013257,0.012641,0.011996,0.011330,0.010650,0.009963,0.009277,0.008596,0.007928,0.007277,0.006648,0.006045,0.005470,0.004926,0.004416,0.003939,0.003497,0.003090,0.002718,0.002379,0.002072,0.001797,0.001550,0.001331,0.001138,0.000968,0.000819,0.000690,0.000578,0.000481,0.000398,0.000328,0.000267,0.000216,0.000172,0.000134,0.000101,0.000073,0.000047,0.000023,0.000000
0.000000,0.000027,0.000056,0.000087,0.000121,0.000160,0.000205,0.000258,0.000319,0.000391,0.000476,0.000574,0.000690,0.000823,0.000978,0.001155,0.001358,0.001589,0.001851,0.002145,0.002474,0.002840,0.003245,0.003689,0.004175,0.004702,0.005271,0.005881,0.006529,0.007216,0.007936,0.008687,0.009464,0.010262,0.011074,0.011893,0.012713,0.013524,0.014319,0.015089,0.015824,0.016517,0.017158,0.017740,0.018254,0.018694,0.019053,0.019327,0.019512,0.019605,0.019605,0.019512,0.019327,0.019053,0.018694,0.018254,0.017740,0.017158,0.016517,0.015824,0.015089,0.014319,0.013524,0.012713,0.011893,0.011074,0.010262,0.009464,0.008687,0.007936,0.007216,0.006529,0.005881,0.005271,0.004702,0.004175,0.003689,0.003245,0.002840,0.002474,0.002145,0.001851,0.001589,0.001358,0.001155,0.000978,0.000823,0.000690,0.000574,0.000476,0.000391,0.000319,0.000258,0.000205,0.000160,0.000121,0.000087,0.000056,0.000027,0.000000
0.000000,0.000033,0.000067,0.000103,0.000144,0.000190,0.000244,0.000306,0.000379,0.000464,0.000565,0.000682,0.000819,0.000978,0.001161,0.001372,0.001613,0.001887,0.002198,0.002547,0.002938,0.003373,0.003853,0.004381,0.004958,0.005584,0.006259,0.006983,0.007754,0.008568,0.009424,0.010316,0.011238,0.012185,0.013149,0.014122,0.015096,0.016059,0.017003,0.017917,0.018791,0.019613,0.020374,0.021065,0.021675,0.022197,0.022624,0.022949,0.023169,0.023280,0.023280,0.023169,0.022949,0.022624,0.022197,0.021675,0.021065,0.020374,0.019613,0.018791,0.017917,0.017003,0.016059,0.015096,0.014122,0.013149,0.012185,0.011238,0.010316,0.009424,0.008568,0.007754,0.006983,0.006259,0.005584,0.004958,0.004381,0.003853,0.003373,0.002938,0.002547,0.002198,0.001887,0.001613,0.001372,0.001161,0.000978,0.000819,0.000682,0.000565,0.000464,0.000379,0.000306,0.000244,0.000190,0.000144,0.000103,0.000067,0.000033,0.000000
0.000000,0.000039,0.000079,0.000122,0.000170,0.000225,0.000288,0.000361,0.000448,0.000549,0.000667,0.000806,0.000968,0.001155,0.001372,0.001621,0.001906,0.002230,0.002597,0.003010,0.003471,0.003985,0.004553,0.005176,0.005858,0.006598,0.007396,0.008251,0.009161,0.010124,0.011134,0.012188,0.013278,0.014397,0.015536,0.016685,0.017835,0.018973,0.020088,0.021168,0.022200,0.023172,0.024071,0.024887,0.025608,0.026225,0.026729,0.027113,0.027373,0.027503,0.027503,0.027373,0.027113,0.026729,0.026225,0.025608,0.024887,0.024071,0.023172,0.022200,0.021168,0.020088,0.018973,0.017835,0.016685,0.015536,0.014397,0.013278,0.012188,0.011134,0.010124,0.009161,0.008251,0.007396,0.006598,0.005858,0.005176,0.004553,0.003985,0.003471,0.003010,0.002597,0.002230,0.001906,0.001621,0.001372,0.001155,0.000968,0.000806,0.000667,0.000549,0.000448,0.000361,0.000288,0.000225,0.000170,0.000122,0.000079,0.000039,0.000000
0.000000,0.000045,0.000092,0.000143,0.000200,0.000264,0.000338,0.000425,0.000526,0.000645,0.000785,0.000948,0.001138,0.001358,0.001613,0.001906,0.002241,0.002622,0.003054,0.003539,0.004082,0.004685,0.005353,0.006086,0.006887,0.007757,0.008695,0.009700,0.010771,0.011902,0.013091,0.014329,0.015610,0.016926,0.018265,0.019616,0.020968,0.022306,0.023617,0.024886,0.026100,0.027242,0.028299,0.029258,0.030106,0.030831,0.031423,0.031875,0.032180,0.032334,0.032334,0.032180,0.031875,0.031423,0.030831,0.030106,0.029258,0.028299,0.027242,0.026100,0.024886,0.023617,0.022306,0.020968,0.019616,0.018265,0.016926,0.015610,0.014329,0.013091,0.011902,0.010771,0.009700,0.008695,0.007757,0.006887,0.006086,0.005353,0.004685,0.004082,0.003539,0.003054,0.002622,0.002241,0.001906,0.001613,0.001358,0.001138,0.000948,0.000785,0.000645,0.000526,0.000425,0.000338,0.000264,0.000200,0.000143,0.000092,0.000045,0.000000
0.000000,0.000053,0.000108,0.000168,0.000234,0.000309,0.000396,0.000497,0.000616,0.000755,0.000918,0.001109,0.001331,0.001589,0.001887,0.002230,0.002622,0.003068,0.003573,0.004141,0.004776,0.005482,0.006263,0.007121,0.008058,0.009076,0.010173,0.011349,0.012602,0.013926,0.015316,0.016765,0.018264,0.019803,0.021369,0.022950,0.024531,0.026097,0.027631,0.029116,0.030535,0.031871,0.033108,0.034230,0.035222,0.036070,0.036763,0.037292,0.037649,0.037828,0.037828,0.037649,0.037292,0.036763,0.036070,0.035222,0.034230,0.033108,0.031871,0.030535,0.029116,0.027631,0.026097,0.024531,0.022950,0.021369,0.019803,0.018264,0.016765,0.015316,0.013926,0.012602,0.011349,0.010173,0.009076,0.008058,0.007121,0.006263,0.005482,0.004776,0.004141,0.003573,0.003068,0.002622,0.002230,0.001887,0.001589,0.001331,0.001109,0.000918,0.000755,0.000616,0.000497,0.000396,0.000309,0.000234,0.000168,0.000108,0.000053,0.000000
0.000000,0.000062,0.000126,0.000195,0.000272,0.000360,0.000461,0.000579,0.000717,0.000879,0.001069,0.001291,0.001550,0.001851,0.002198,0.002597,0.003054,0.003573,0.004160,0.004821,0.005561,0.006383,0.007292,0.008292,0.009383,0.010568,0.011845,0.013215,0.014673,0.016214,0.017833,0.019520,0.021266,0.023057,0.024881,0.026722,0.028563,0.030386,0.032171,0.033900,0.035553,0.037109,0.038549,0.039855,0.041009,0.041997,0.042804,0.043420,0.043835,0.044044,0.044044,0.043835,0.043420,0.042804,0.041997,0.041009,0.039855,0.038549,0.037109,0.035553,0.033900,0.032171,0.030386,0.028563,0.026722,0.024881,0.023057,0.021266,0.019520,0.017833,0.016214,0.014673,0.013215,0.011845,0.010568,0.009383,0.008292,0.007292,0.006383,0.005561,0.004821,0.004160,0.003573,0.003054,0.002597,0.002198,0.001851,0.001550,0.001291,0.001069,0.000879,0.000717,0.000579,0.000461,0.000360,0.000272,0.000195,0.000126,0.000062,0.000000
0.000000,0.000072,0.000146,0.000226,0.000316,0.000417,0.000535,0.000671,0.000831,0.001019,0.001239,0.001497,0.001797,0.002145,0.002547,0.003010,0.003539,0.004141,0.004821,0.005587,0.006444,0.007397,0.008451,0.009609,0.010873,0.012246,0.013727,0.015314,0.017003,0.018789,0.020665,0.022620,0.024642,0.026718,0.028832,0.030965,0.033098,0.035210,0.037279,0.039283,0.041197,0.043000,0.044669,0.046182,0.047520,0.048664,0.049599,0.050313,0.050794,0.051036,0.051036,0.050794,0.050313,0.049599,0.048664,0.047520,0.046182,0.044669,0.043000,0.041197,0.039283,0.037279,0.035210,0.033098,0.030965,0.028832,0.026718,0.024642,0.022620,0.020665,0.018789,0.017003,0.015314,0.013727,0.012246,0.010873,0.009609,0.008451,0.007397,0.006444,0.005587,0.004821,0.004141,0.003539,0.003010,0.002547,0.002145,0.001797,0.001497,0.001239,0.001019,0.000831,0.000671,0.000535,0.000417,0.000316,0.000226,0.000146,0.000072,0.000000
0.000000,0.000083,0.000168,0.000261,0.000364,0.000481,0.000617,0.000774,0.000959,0.001176,0.001429,0.001726,0.002072,0.002474,0.002938,0.003471,0.004082,0.004776,0.005561,0.006444,0.007432,0.008531,0.009746,0.011082,0.012540,0.014124,0.015831,0.017661,0.019610,0.021670,0.023833,0.026087,0.028419,0.030814,0.033251,0.035711,0.038170,0.040606,0.042992,0.045303,0.047511,0.049590,0.051514,0.053259,0.054802,0.056122,0.057200,0.058023,0.058578,0.058857,0.058857,0.058578,0.058023,0.057200,0.056122,0.054802,0.053259,0.051514,0.049590,0.047511,0.045303,0.042992,0.040606,0.038170,0.035711,0.033251,0.030814,0.028419,0.026087,0.023833,0.021670,0.019610,0.017661,0.015831,0.014124,0.012540,0.011082,0.009746,0.008531,0.007432,0.006444,0.005561,0.004776,0.004082,0.003471,0.002938,0.002474,0.002072,0.001726,0.001429,0.001176,0.000959,0.000774,0.000617,0.000481,0.000364,0.000261,0.000168,0.000083,0.000000
0.000000,0.000095,0.000193,0.000300,0.000418,0.000553,0.000708,0.000889,0.001101,0.001350,0.001641,0.001982,0.002379,0.002840,0.003373,0.003985,0.004685,0.005482,0.006383,0.007397,0.008531,0.009793,0.011188,0.012720,0.014394,0.016212,0.018172,0.020272,0.022508,0.024873,0.027355,0.029943,0.032620,0.035368,0.038165,0.040988,0.043811,0.046607,0.049346,0.051997,0.054532,0.056918,0.059126,0.061129,0.062900,0.064414,0.065652,0.066596,0.067233,0.067554,0.067554,0.067233,0.066596,0.065652,0.064414,0.062900,0.061129,0.059126,0.056918,0.054532,0.051997,0.049346,0.046607,0.043811,0.040988,0.038165,0.035368,0.032620,0.029943,0.027355,0.024873,0.022508,0.020272,0.018172,0.016212,0.014394,0.012720,0.011188,0.009793,0.008531,0.007397,0.006383,0.005482,0.004685,0.003985,0.003373,0.002840,0.002379,0.001982,0.001641,0.001350,0.001101,0.000889,0.000708,0.000553,0.000418,0.000300,0.000193,0.000095,0.000000
0.000000,0.000108,0.000221,0.000342,0.000478,0.000631,0.000809,0.001016,0.001258,0.001542,0.001875,0.002264,0.002718,0.003245,0.003853,0.004553,0.005353,0.006263,0.007292,0.008451,0.009746,0.011188,0.012781,0.014532,0.016444,0.018520,0.020759,0.023159,0.025713,0.028414,0.031250,0.034206,0.037263,0.040402,0.043598,0.046823,0.050048,0.053241,0.056369,0.059398,0.062293,0.065019,0.067542,0.069829,0.071852,0.073582,0.074996,0.076074,0.076802,0.077168,0.077168,0.076802,0.076074,0.074996,0.073582,0.071852,0.069829,0.067542,0.065019,0.062293,0.059398,0.056369,0.053241,0.050048,0.046823,0.043598,0.040402,0.037263,0.034206,0.031250,0.028414,0.025713,0.023159,0.020759,0.018520,0.016444,0.014532,0.012781,0.011188,0.009746,0.008451,0.007292,0.006263,0.005353,0.004553,0.003853,0.003245,0.002718,0.002264,0.001875,0.001542,0.001258,0.001016,0.000809,0.000631,0.000478,0.000342,0.000221,0.000108,0.000000
0.000000,0.000123,0.000251,0.000389,0.000543,0.000718,0.000920,0.001155,0.001430,0.001753,0.002132,0.002574,0.003090,0.003689,0.004381,0.005176,0.006086,0.007121,0.008292,0.009609,0.011082,0.012720,0.014532,0.016522,0.018696,0.021057,0.023602,0.026330,0.029235,0.032305,0.035529,0.038890,0.042366,0.045935,0.049568,0.053234,0.056901,0.060531,0.064088,0.067531,0.070822,0.073921,0.076789,0.079390,0.081689,0.083656,0.085264,0.086490,0.087317,0.087733,0.087733,0.087317,0.086490,0.085264,0.083656,0.081689,0.079390,0.076789,0.073921,0.070822,0.067531,0.064088,0.060531,0.056901,0.053234,0.049568,0.045935,0.042366,0.038890,0.035529,0.032305,0.029235,0.026330,0.023602,0.021057,0.018696,0.016522,0.014532,0.012720,0.011082,0.009609,0.008292,0.007121,0.006086,0.005176,0.004381,0.003689,0.003090,0.002574,0.002132,0.001753,0.001430,0.001155,0.000920,0.000718,0.000543,0.000389,0.000251,0.000123,0.000000
0.000000,0.000139,0.000284,0.000441,0.000615,0.000812,0.001041,0.001307,0.001619,0.001984,0.002413,0.002913,0.003497,0.004175,0.004958,0.005858,0.006887,0.008058,0.009383,0.010873,0.012540,0.014394,0.016444,0.018696,0.021157,0.023827,0.026708,0.029795,0.033081,0.036556,0.040204,0.044006,0.047940,0.051978,0.056088,0.060237,0.064385,0.068493,0.072517,0.076414,0.080137,0.083644,0.086889,0.089832,0.092433,0.094659,0.096478,0.097865,0.098801,0.099272,0.099272,0.098801,0.097865,0.096478,0.094659,0.092433,0.089832,0.086889,0.083644,0.080137,0.076414,0.072517,0.068493,0.064385,0.060237,0.056088,0.051978,0.047940,0.044006,0.040204,0.036556,0.033081,0.029795,0.026708,0.023827,0.021157,0.018696,0.016444,0.014394,0.012540,0.010873,0.009383,0.008058,0.006887,0.005858,0.004958,0.004175,0.003497,0.002913,0.002413,0.001984,0.001619,0.001307,0.001041,0.000812,0.000615,0.000441,0.000284,0.000139,0.000000
0.000000,0.000157,0.000320,0.000496,0.000692,0.000915,0.001172,0.001472,0.001823,0.002235,0.002717,0.003281,0.003939,0.004702,0.005584,0.006598,0.007757,0.009076,0.010568,0.012246,0.014124,0.016212,0.018520,0.021057,0.023827,0.026835,0.030079,0.033555,0.037256,0.041169,0.045277,0.049560,0.053990,0.058537,0.063166,0.067838,0.072510,0.077136,0.081667,0.086055,0.090249,0.094197,0.097852,0.101166,0.104095,0.106602,0.108650,0.110212,0.111266,0.111797,0.111797,0.111266,0.110212,0.108650,0.106602,0.104095,0.101166,0.097852,0.094197,0.090249,0.086055,0.081667,0.077136,0.072510,0.067838,0.063166,0.058537,0.053990,0.049560,0.045277,0.041169,0.037256,0.033555,0.030079,0.026835,0.023827,0.021057,0.018520,0.016212,0.014124,0.012246,0.010568,0.009076,0.007757,0.006598,0.005584,0.004702,0.003939,0.003281,0.002717,0.002235,0.001823,0.001472,0.001172,0.000915,0.000692,0.000496,0.000320,0.000157,0.000000
0.000000,0.000176,0.000359,0.000556,0.000776,0.001026,0.001314,0.001650,0.002044,0.002505,0.003046,0.003678,0.004416,0.005271,0.006259,0.007396,0.008695,0.010173,0.011845,0.013727,0.015831,0.018172,0.020759,0.023602,0.026708,0.030079,0.033715,0.037611,0.041759,0.046145,0.050750,0.055550,0.060515,0.065611,0.070800,0.076036,0.081272,0.086457,0.091536,0.096454,0.101154,0.105579,0.109676,0.113390,0.116674,0.119482,0.121778,0.123529,0.124710,0.125305,0.125305,0.124710,0.123529,0.121778,0.119482,0.116674,0.113390,0.109676,0.105579,0.101154,0.096454,0.091536,0.086457,0.081272,0.076036,0.070800,0.065611,0.060515,0.055550,0.050750,0.046145,0.041759,0.037611,0.033715,0.030079,0.026708,0.023602,0.020759,0.018172,0.015831,0.013727,0.011845,0.010173,0.008695,0.007396,0.006259,0.005271,0.004416,0.003678,0.003046,0.002505,0.002044,0.001650,0.001314,0.001026,0.000776,0.000556,0.000359,0.000176,0.000000
0.000000,0.000196,0.000400,0.000621,0.000866,0.001145,0.001466,0.001841,0.002280,0.002795,0.003398,0.004104,0.004926,0.005881,0.006983,0.008251,0.009700,0.011349,0.013215,0.015314,0.017661,0.020272,0.023159,0.026330,0.029795,0.033555,0.037611,0.041958,0.046585,0.051478,0.056614,0.061968,0.067507,0.073192,0.078980,0.084821,0.090662,0.096446,0.102112,0.107598,0.112840,0.117777,0.122346,0.126489,0.130152,0.133285,0.135846,0.137799,0.139117,0.139780,0.139780,0.139117,0.137799,0.135846,0.133285,0.130152,0.126489,0.122346,0.117777,0.112840,0.107598,0.102112,0.096446,0.090662,0.084821,0.078980,0.073192,0.067507,0.061968,0.056614,0.051478,0.046585,0.041958,0.037611,0.033555,0.029795,0.026330,0.023159,0.020272,0.017661,0.015314,0.013215,0.011349,0.009700,0.008251,0.006983,0.005881,0.004926,0.004104,0.003398,0.002795,0.002280,0.001841,0.001466,0.001145,0.000866,0.000621,0.000400,0.000196,0.000000
0.000000,0.000218,0.000445,0.000689,0.000962,0.001271,0.001628,0.002044,0.002532,0.003103,0.003773,0.004557,0.005470,0.006529,0.007754,0.009161,0.010771,0.012602,0.014673,0.017003,0.019610,0.022508,0.025713,0.029235,0.033081,0.037256,0.041759,0.046585,0.051723,0.057154,0.062857,0.068802,0.074951,0.081263,0.087688,0.094173,0.100658,0.107079,0.113370,0.119460,0.125280,0.130761,0.135834,0.140434,0.144500,0.147979,0.150822,0.152990,0.154453,0.155190,0.155190,0.154453,0.152990,0.150822,0.147979,0.144500,0.140434,0.135834,0.130761,0.125280,0.119460,0.113370,0.107079,0.100658,0.094173,0.087688,0.081263,0.074951,0.068802,0.062857,0.057154,0.051723,0.046585,0.041759,0.037256,0.033081,0.029235,0.025713,0.022508,0.019610,0.017003,0.014673,0.012602,0.010771,0.009161,0.007754,0.006529,0.005470,0.004557,0.003773,0.003103,0.002532,0.002044,0.001628,0.001271,0.000962,0.000689,0.000445,0.000218,0.000000
0.000000,0.000241,0.000491,0.000762,0.001063,0.001405,0.001799,0.002259,0.002798,0.003430,0.004170,0.005036,0.006045,0.007216,0.008568,0.010124,0.011902,0.013926,0.016214,0.018789,0.021670,0.024873,0.028414,0.032305,0.036556,0.041169,0.046145,0.051478,0.057154,0.063156,0.069458,0.076026,0.082821,0.089795,0.096895,0.104061,0.111227,0.118322,0.125272,0.132002,0.138433,0.144489,0.150094,0.155176,0.159670,0.163514,0.166655,0.169051,0.170667,0.171481,0.171481,0.170667,0.169051,0.166655,0.163514,0.159670,0.155176,0.150094,0.144489,0.138433,0.132002,0.125272,0.118322,0.111227,0.104061,0.096895,0.089795,0.082821,0.076026,0.069458,0.063156,0.057154,0.051478,0.046145,0.041169,0.036556,0.032305,0.028414,0.024873,0.021670,0.018789,0.016214,0.013926,0.011902,0.010124,0.008568,0.007216,0.006045,0.005036,0.004170,0.003430,0.002798,0.002259,0.001799,0.001405,0.001063,0.000762,0.000491,0.000241,0.000000
0.000000,0.000265,0.000540,0.000838,0.001169,0.001545,0.001979,0.002485,0.003077,0.003772,0.004586,0.005539,0.006648,0.007936,0.009424,0.011134,0.013091,0.015316,0.017833,0.020665,0.023833,0.027355,0.031250,0.035529,0.040204,0.045277,0.050750,0.056614,0.062857,0.069458,0.076388,0.083611,0.091084,0.098754,0.106562,0.114442,0.122322,0.130125,0.137769,0.145169,0.152242,0.158901,0.165065,0.170655,0.175596,0.179823,0.183278,0.185913,0.187690,0.188585,0.188585,0.187690,0.185913,0.183278,0.179823,0.175596,0.170655,0.165065,0.158901,0.152242,0.145169,0.137769,0.130125,0.122322,0.114442,0.106562,0.098754,0.091084,0.083611,0.076388,0.069458,0.062857,0.056614,0.050750,0.045277,0.040204,0.035529,0.031250,0.027355,0.023833,0.020665,0.017833,0.015316,0.013091,0.011134,0.009424,0.007936,0.006648,0.005539,0.004586,0.003772,0.003077,0.002485,0.001979,0.001545,0.001169,0.000838,0.000540,0.000265,0.000000
0.000000,0.000290,0.000592,0.000917,0.001279,0.001691,0.002166,0.002720,0.003369,0.004129,0.005021,0.006063,0.007277,0.008687,0.010316,0.012188,0.014329,0.016765,0.019520,0.022620,0.026087,0.029943,0.034206,0.038890,0.044006,0.049560,0.055550,0.061968,0.068802,0.076026,0.083611,0.091517,0.099696,0.108091,0.116637,0.125262,0.133887,0.142427,0.150794,0.158894,0.166635,0.173924,0.180670,0.186788,0.192196,0.196823,0.200604,0.203487,0.205433,0.206413,0.206413,0.205433,0.203487,0.200604,0.196823,0.192196,0.186788,0.180670,0.173924,0.166635,0.158894,0.150794,0.142427,0.133887,0.125262,0.116637,0.108091,0.099696,0.091517,0.083611,0.076026,0.068802,0.061968,0.055550,0.049560,0.044006,0.038890,0.034206,0.029943,0.026087,0.022620,0.019520,0.016765,0.014329,0.012188,0.010316,0.008687,0.007277,0.006063,0.005021,0.004129,0.003369,0.002720,0.002166,0.001691,0.001279,0.000917,0.000592,0.000290,0.000000
0.000000,0.000316,0.000645,0.000999,0.001394,0.001842,0.002360,0.002964,0.003670,0.004499,0.005470,0.006605,0.007928,0.009464,0.011238,0.013278,0.015610,0.018264,0.021266,0.024642,0.028419,0.032620,0.037263,0.042366,0.047940,0.053990,0.060515,0.067507,0.074951,0.082821,0.091084,0.099696,0.108606,0.117751,0.127060,0.136456,0.145851,0.155154,0.164268,0.173091,0.181524,0.189464,0.196813,0.203477,0.209368,0.214408,0.218527,0.221668,0.223787,0.224855,0.224855,0.223787,0.221668,0.218527,0.214408,0.209368,0.203477,0.196813,0.189464,0.181524,0.173091,0.164268,0.155154,0.145851,0.136456,0.127060,0.117751,0.108606,0.099696,0.091084,0.082821,0.074951,0.067507,0.060515,0.053990,0.047940,0.042366,0.037263,0.032620,0.028419,0.024642,0.021266,0.018264,0.015610,0.013278,0.011238,0.009464,0.007928,0.006605,0.005470,0.004499,0.003670,0.002964,0.002360,0.001842,0.001394,0.000999,0.000645,0.000316,0.000000
0.000000,0.000342,0.000699,0.001084,0.001511,0.001998,0.002559,0.003213,0.003979,0.004878,0.005931,0.007162,0.008596,0.010262,0.012185,0.014397,0.016926,0.019803,0.023057,0.026718,0.030814,0.035368,0.040402,0.045935,0.051978,0.058537,0.065611,0.073192,0.081263,0.089795,0.098754,0.108091,0.117751,0.127665,0.137759,0.147945,0.158131,0.168217,0.178098,0.187664,0.196806,0.205414,0.213382,0.220607,0.226994,0.232458,0.236923,0.240329,0.242626,0.243783,0.243783,0.242626,0.240329,0.236923,0.232458,0.226994,0.220607,0.213382,0.205414,0.196806,0.187664,0.178098,0.168217,0.158131,0.147945,0.137759,0.127665,0.117751,0.108091,0.098754,0.089795,0.081263,0.073192,0.065611,0.058537,0.051978,0.045935,0.040402,0.035368,0.030814,0.026718,0.023057,0.019803,0.016926,0.014397,0.012185,0.010262,0.008596,0.007162,0.005931,0.004878,0.003979,0.003213,0.002559,0.001998,0.001511,0.001084,0.000699,0.000342,0.000000
0.000000,0.000370,0.000754,0.001169,0.001631,0.002156,0.002762,0.003468,0.004294,0.005264,0.006400,0.007729,0.009277,0.011074,0.013149,0.015536,0.018265,0.021369,0.024881,0.028832,0.033251,0.038165,0.043598,0.049568,0.056088,0.063166,0.070800,0.078980,0.087688,0.096895,0.106562,0.116637,0.127060,0.137759,0.148650,0.159641,0.170632,0.181515,0.192176,0.202499,0.212363,0.221652,0.230249,0.238045,0.244937,0.250832,0.255651,0.259325,0.261804,0.263053,0.263053,0.261804,0.259325,0.255651,0.250832,0.244937,0.238045,0.230249,0.221652,0.212363,0.202499,0.192176,0.181515,0.170632,0.159641,0.148650,0.137759,0.127060,0.116637,0.106562,0.096895,0.087688,0.078980,0.070800,0.063166,0.056088,0.049568,0.043598,0.038165,0.033251,0.028832,0.024881,0.021369,0.018265,0.015536,0.013149,0.011074,0.009277,0.007729,0.006400,0.005264,0.004294,0.003468,0.002762,0.002156,0.001631,0.001169,0.000754,0.000370,0.000000
0.000000,0.000397,0.000810,0.001256,0.001752,0.002316,0.002966,0.003724,0.004612,0.005653,0.006874,0.008301,0.009963,0.011893,0.014122,0.016685,0.019616,0.022950,0.026722,0.030965,0.035711,0.040988,0.046823,0.053234,0.060237,0.067838,0.076036,0.084821,0.094173,0.104061,0.114442,0.125262,0.136456,0.147945,0.159641,0.171445,0.183249,0.194936,0.206385,0.217470,0.228064,0.238039,0.247272,0.255644,0.263045,0.269376,0.274551,0.278497,0.281159,0.282500,0.282500,0.281159,0.278497,0.274551,0.269376,0.263045,0.255644,0.247272,0.238039,0.228064,0.217470,0.206385,0.194936,0.183249,0.171445,0.159641,0.147945,0.136456,0.125262,0.114442,0.104061,0.094173,0.084821,0.076036,0.067838,0.060237,0.053234,0.046823,0.040988,0.035711,0.030965,0.026722,0.022950,0.019616,0.016685,0.014122,0.011893,0.009963,0.008301,0.006874,0.005653,0.004612,0.003724,0.002966,0.002316,0.001752,0.001256,0.000810,0.000397,0.000000
0.000000,0.000424,0.000866,0.001343,0.001873,0.002475,0.003171,0.003981,0.004930,0.006043,0.007347,0.008873,0.010650,0.012713,0.015096,0.017835,0.020968,0.024531,0.028563,0.033098,0.038170,0.043811,0.050048,0.056901,0.064385,0.072510,0.081272,0.090662,0.100658,0.111227,0.122322,0.133887,0.145851,0.158131,0.170632,0.183249,0.195864,0.208356,0.220593,0.232442,0.243764,0.254426,0.264294,0.273242,0.281152,0.287919,0.293450,0.297668,0.300513,0.301946,0.301946,0.300513,0.297668,0.293450,0.287919,0.281152,0.273242,0.264294,0.254426,0.243764,0.232442,0.220593,0.208356,0.195864,0.183249,0.170632,0.158131,0.145851,0.133887,0.122322,0.111227,0.100658,0.090662,0.081272,0.072510,0.064385,0.056901,0.050048,0.043811,0.038170,0.033098,0.028563,0.024531,0.020968,0.017835,0.015096,0.012713,0.010650,0.008873,0.007347,0.006043,0.004930,0.003981,0.003171,0.002475,0.001873,0.001343,0.000866,0.000424,0.000000
0.000000,0.000451,0.000921,0.001428,0.001992,0.002633,0.003373,0.004235,0.005245,0.006429,0.007816,0.009439,0.011330,0.013524,0.016059,0.018973,0.022306,0.026097,0.030386,0.035210,0.040606,0.046607,0.053241,0.060531,0.068493,0.077136,0.086457,0.096446,0.107079,0.118322,0.130125,0.142427,0.155154,0.168217,0.181515,0.194936,0.208356,0.221644,0.234662,0.247265,0.259310,0.270651,0.281148,0.290666,0.299081,0.306280,0.312163,0.316650,0.319676,0.321201,0.321201,0.319676,0.316650,0.312163,0.306280,0.299081,0.290666,0.281148,0.270651,0.259310,0.247265,0.234662,0.221644,0.208356,0.194936,0.181515,0.168217,0.155154,0.142427,0.130125,0.118322,0.107079,0.096446,0.086457,0.077136,0.068493,0.060531,0.053241,0.046607,0.040606,0.035210,0.030386,0.026097,0.022306,0.018973,0.016059,0.013524,0.011330,0.009439,0.007816,0.006429,0.005245,0.004235,0.003373,0.002633,0.001992,0.001428,0.000921,0.000451,0.000000
0.000000,0.000478,0.000975,0.001512,0.002109,0.002788,0.003572,0.004484,0.005553,0.006807,0.008276,0.009994,0.011996,0.014319,0.017003,0.020088,0.023617,0.027631,0.032171,0.037279,0.042992,0.049346,0.056369,0.064088,0.072517,0.081667,0.091536,0.102112,0.113370,0.125272,0.137769,0.150794,0.164268,0.178098,0.192176,0.206385,0.220593,0.234662,0.248443,0.261787,0.274538,0.286545,0.297659,0.307736,0.316645,0.324266,0.330495,0.335245,0.338449,0.340063,0.340063,0.338449,0.335245,0.330495,0.324266,0.316645,0.307736,0.297659,0.286545,0.274538,0.261787,0.248443,0.234662,0.220593,0.206385,0.192176,0.178098,0.164268,0.150794,0.137769,0.125272,0.113370,0.102112,0.091536,0.081667,0.072517,0.064088,0.056369,0.049346,0.042992,0.037279,0.032171,0.027631,0.023617,0.020088,0.017003,0.014319,0.011996,0.009994,0.008276,0.006807,0.005553,0.004484,0.003572,0.002788,0.002109,0.001512,0.000975,0.000478,0.000000
0.000000,0.000504,0.001028,0.001594,0.002223,0.002938,0.003764,0.004726,0.005852,0.007173,0.008721,0.010531,0.012641,0.015089,0.017917,0.021168,0.024886,0.029116,0.033900,0.039283,0.045303,0.051997,0.059398,0.067531,0.076414,0.086055,0.096454,0.107598,0.119460,0.132002,0.145169,0.158894,0.173091,0.187664,0.202499,0.217470,0.232442,0.247265,0.261787,0.275847,0.289283,0.301935,0.313645,0.324263,0.333650,0.341680,0.348243,0.353248,0.356625,0.358325,0.358325,0.356625,0.353248,0.348243,0.341680,0.333650,0.324263,0.313645,0.301935,0.289283,0.275847,0.261787,0.247265,0.232442,0.217470,0.202499,0.187664,0.173091,0.158894,0.145169,0.132002,0.119460,0.107598,0.096454,0.086055,0.076414,0.067531,0.059398,0.051997,0.045303,0.039283,0.033900,0.029116,0.024886,0.021168,0.017917,0.015089,0.012641,0.010531,0.008721,0.007173,0.005852,0.004726,0.003764,0.002938,0.002223,0.001594,0.001028,0.000504,0.000000
0.000000,0.000528,0.001078,0.001672,0.002331,0.003081,0.003947,0.004956,0.006137,0.007523,0.009146,0.011045,0.013257,0.015824,0.018791,0.022200,0.026100,0.030535,0.035553,0.041197,0.047511,0.054532,0.062293,0.070822,0.080137,0.090249,0.101154,0.112840,0.125280,0.138433,0.152242,0.166635,0.181524,0.196806,0.212363,0.228064,0.243764,0.259310,0.274538,0.289283,0.303374,0.316641,0.328921,0.340057,0.349901,0.358322,0.365205,0.370453,0.373994,0.375777,0.375777,0.373994,0.370453,0.365205,0.358322,0.349901,0.340057,0.328921,0.316641,0.303374,0.289283,0.274538,0.259310,0.243764,0.228064,0.212363,0.196806,0.181524,0.166635,0.152242,0.138433,0.125280,0.112840,0.101154,0.090249,0.080137,0.070822,0.062293,0.054532,0.047511,0.041197,0.035553,0.030535,0.026100,0.022200,0.018791,0.015824,0.013257,0.011045,0.009146,0.007523,0.006137,0.004956,0.003947,0.003081,0.002331,0.001672,0.001078,0.000528,0.000000
0.000000,0.000551,0.001125,0.001745,0.002433,0.003216,0.004120,0.005173,0.006406,0.007852,0.009547,0.011528,0.013837,0.016517,0.019613,0.023172,0.027242,0.031871,0.037109,0.043000,0.049590,0.056918,0.065019,0.073921,0.083644,0.094197,0.105579,0.117777,0.130761,0.144489,0.158901,0.173924,0.189464,0.205414,0.221652,0.238039,0.254426,0.270651,0.286545,0.301935,0.316641,0.330489,0.343306,0.354928,0.365203,0.373992,0.381175,0.386654,0.390349,0.392210,0.392210,0.390349,0.386654,0.381175,0.373992,0.365203,0.354928,0.343306,0.330489,0.316641,0.301935,0.286545,0.270651,0.254426,0.238039,0.221652,0.205414,0.189464,0.173924,0.158901,0.144489,0.130761,0.117777,0.105579,0.094197,0.083644,0.073921,0.065019,0.056918,0.049590,0.043000,0.037109,0.031871,0.027242,0.023172,0.019613,0.016517,0.013837,0.011528,0.009547,0.007852,0.006406,0.005173,0.004120,0.003216,0.002433,0.001745,0.001125,0.000551,0.000000
0.000000,0.000573,0.001169,0.001812,0.002528,0.003341,0.004280,0.005374,0.006655,0.008157,0.009917,0.011976,0.014375,0.017158,0.020374,0.024071,0.028299,0.033108,0.038549,0.044669,0.051514,0.059126,0.067542,0.076789,0.086889,0.097852,0.109676,0.122346,0.135834,0.150094,0.165065,0.180670,0.196813,0.213382,0.230249,0.247272,0.264294,0.281148,0.297659,0.313645,0.328921,0.343306,0.356620,0.368693,0.379366,0.388495,0.395957,0.401648,0.405487,0.407420,0.407420,0.405487,0.401648,0.395957,0.388495,0.379366,0.368693,0.356620,0.343306,0.328921,0.313645,0.297659,0.281148,0.264294,0.247272,0.230249,0.213382,0.196813,0.180670,0.165065,0.150094,0.135834,0.122346,0.109676,0.097852,0.086889,0.076789,0.067542,0.059126,0.051514,0.044669,0.038549,0.033108,0.028299,0.024071,0.020374,0.017158,0.014375,0.011976,0.009917,0.008157,0.006655,0.005374,0.004280,0.003341,0.002528,0.001812,0.001169,0.000573,0.000000
0.000000,0.000592,0.001209,0.001874,0.002614,0.003454,0.004425,0.005556,0.006880,0.008433,0.010254,0.012382,0.014862,0.017740,0.021065,0.024887,0.029258,0.034230,0.039855,0.046182,0.053259,0.061129,0.069829,0.079390,0.089832,0.101166,0.113390,0.126489,0.140434,0.155176,0.170655,0.186788,0.203477,0.220607,0.238045,0.255644,0.273242,0.290666,0.307736,0.324263,0.340057,0.354928,0.368693,0.381174,0.392208,0.401647,0.409361,0.415245,0.419213,0.421212,0.421212,0.419213,0.415245,0.409361,0.401647,0.392208,0.381174,0.368693,0.354928,0.340057,0.324263,0.307736,0.290666,0.273242,0.255644,0.238045,0.220607,0.203477,0.186788,0.170655,0.155176,0.140434,0.126489,0.113390,0.101166,0.089832,0.079390,0.069829,0.061129,0.053259,0.046182,0.039855,0.034230,0.029258,0.024887,0.021065,0.017740,0.014862,0.012382,0.010254,0.008433,0.006880,0.005556,0.004425,0.003454,0.002614,0.001874,0.001209,0.000592,0.000000
