0.000000,0.000000,0.000000,0.000000,0.000000,0.000000,0.000000,0.000000,0.000000,0.000000,0.000000,0.000000,0.000000,0.000000,0.000000,0.000000,0.000000,0.000000,0.000000,0.000000,0.000000,0.000000,0.000000,0.000000,0.000000,0.000000,0.000000,0.000000,0.000000,0.000000,0.000000,0.000000,0.000000,0.000000,0.000000,0.000000,0.000000,0.000000,0.000000,0.000000,0.000000,0.000000,0.000000,0.000000,0.000000,0.000000,0.000000,0.000000,0.000000,0.000000,0.000000,0.000000,0.000000,0.000000,0.000000,0.000000,0.000000,0.000000,0.000000,0.000000,0.000000,0.000000,0.000000,0.000000,0.000000,0.000000,0.000000,0.000000,0.000000,0.000000,0.000000,0.000000,0.000000,0.000000,0.000000,0.000000,0.000000,0.000000,0.000000,0.000000,0.000000,0.000000,0.000000,0.000000,0.000000,0.000000,0.000000,0.000000,0.000000,0.000000,0.000000,0.000000,0.000000,0.000000,0.000000,0.000000,0.000000,0.000000,0.000000,0.000000
0.000000,0.000001,0.000001,0.000002,0.000002,0.000003,0.000004,0.000005,0.000006,0.000008,0.000010,0.000012,0.000015,0.000018,0.000021,0.000025,0.000030,0.000035,0.000042,0.000049,0.000057,0.000066,0.000076,0.000087,0.000099,0.000112,0.000127,0.000143,0.000159,0.000177,0.000196,0.000216,0.000236,0.000258,0.000279,0.000301,0.000324,0.000346,0.000367,0.000388,0.000408,0.000428,0.000445,0.000461,0.000476,0.000488,0.000498,0.000505,0.000510,0.000513,0.000513,0.000510,0.000505,0.000498,0.000488,0.000476,0.000461,0.000445,0.000428,0.000408,0.000388,0.000367,0.000346,0.000324,0.000301,0.000279,0.000258,0.000236,0.000216,0.000196,0.000177,0.000159,0.000143,0.000127,0.000112,0.000099,0.000087,0.000076,0.000066,0.000057,0.000049,0.000042,0.000035,0.000030,0.000025,0.000021,0.000018,0.000015,0.000012,0.000010,0.000008,0.000006,0.000005,0.000004,0.000003,0.000002,0.000002,0.000001,0.000001,0.000000
0.000000,0.000001,0.000002,0.000003,0.000005,0.000006,0.000008,0.000011,0.000013,0.000016,0.000020,0.000025,0.000030,0.000036,0.000043,0.000052,0.000061,0.000073,0.000085,0.000100,0.000116,0.000134,0.000155,0.000178,0.000203,0.000230,0.000260,0.000292,0.000326,0.000363,0.000401,0.000442,0.000484,0.000527,0.000572,0.000617,0.000662,0.000708,0.000752,0.000795,0.000836,0.000875,0.000911,0.000944,0.000973,0.000998,0.001019,0.001034,0.001045,0.001050,0.001050,0.001045,0.001034,0.001019,0.000998,0.000973,0.000944,0.000911,0.000875,0.000836,0.000795,0.000752,0.000708,0.000662,0.000617,0.000572,0.000527,0.000484,0.000442,0.000401,0.000363,0.000326,0.000292,0.000260,0.000230,0.000203,0.000178,0.000155,0.000134,0.000116,0.000100,0.000085,0.000073,0.000061,0.000052,0.000043,0.000036,0.000030,0.000025,0.000020,0.000016,0.000013,0.000011,0.000008,0.000006,0.000005,0.000003,0.000002,0.000001,0.000000
0.000000,0.000002,0.000003,0.000005,0.000008,0.000010,0.000013,0.000016,0.000021,0.000026,0.000031,0.000038,0.000047,0.000056,0.000067,0.000081,0.000096,0.000113,0.000133,0.000155,0.000181,0.000210,0.000241,0.000277,0.000316,0.000358,0.000405,0.000455,0.000508,0.000565,0.000625,0.000688,0.000754,0.000822,0.000891,0.000962,0.001032,0.001102,0.001171,0.001239,0.001303,0.001364,0.001420,0.001471,0.001517,0.001556,0.001587,0.001612,0.001628,0.001636,0.001636,0.001628,0.001612,0.001587,0.001556,0.001517,0.001471,0.001420,0.001364,0.001303,0.001239,0.001171,0.001102,0.001032,0.000962,0.000891,0.000822,0.000754,0.000688,0.000625,0.000565,0.000508,0.000455,0.000405,0.000358,0.000316,0.000277,0.000241,0.000210,0.000181,0.000155,0.000133,0.000113,0.000096,0.000081,0.000067,0.000056,0.000047,0.000038,0.000031,0.000026,0.000021,0.000016,0.000013,0.000010,0.000008,0.000005,0.000003,0.000002,0.000000
0.000000,0.000002,0.000005,0.000008,0.000011,0.000014,0.000018,0.000023,0.000029,0.000036,0.000044,0.000054,0.000065,0.000079,0.000095,0.000113,0.000134,0.000159,0.000187,0.000218,0.000254,0.000294,0.000339,0.000389,0.000443,0.000503,0.000568,0.000638,0.000713,0.000793,0.000878,0.000966,0.001059,0.001154,0.001251,0.001350,0.001449,0.001548,0.001645,0.001739,0.001829,0.001914,0.001994,0.002066,0.002129,0.002184,0.002229,0.002263,0.002286,0.002297,0.002297,0.002286,0.002263,0.002229,0.002184,0.002129,0.002066,0.001994,0.001914,0.001829,0.001739,0.001645,0.001548,0.001449,0.001350,0.001251,0.001154,0.001059,0.000966,0.000878,0.000793,0.000713,0.000638,0.000568,0.000503,0.000443,0.000389,0.000339,0.000294,0.000254,0.000218,0.000187,0.000159,0.000134,0.000113,0.000095,0.000079,0.000065,0.000054,0.000044,0.000036,0.000029,0.000023,0.000018,0.000014,0.000011,0.000008,0.000005,0.000002,0.000000
0.000000,0.000003,0.000006,0.000010,0.000014,0.000019,0.000024,0.000031,0.000039,0.000048,0.000059,0.000072,0.000087,0.000105,0.000126,0.000151,0.000179,0.000211,0.000249,0.000291,0.000339,0.000392,0.000452,0.000518,0.000591,0.000670,0.000757,0.000850,0.000950,0.001057,0.001170,0.001288,0.001410,0.001537,0.001667,0.001798,0.001931,0.002062,0.002191,0.002317,0.002437,0.002551,0.002656,0.002752,0.002837,0.002910,0.002969,0.003015,0.003045,0.003061,0.003061,0.003045,0.003015,0.002969,0.002910,0.002837,0.002752,0.002656,0.002551,0.002437,0.002317,0.002191,0.002062,0.001931,0.001798,0.001667,0.001537,0.001410,0.001288,0.001170,0.001057,0.000950,0.000850,0.000757,0.000670,0.000591,0.000518,0.000452,0.000392,0.000339,0.000291,0.000249,0.000211,0.000179,0.000151,0.000126,0.000105,0.000087,0.000072,0.000059,0.000048,0.000039,0.000031,0.000024,0.000019,0.000014,0.000010,0.000006,0.000003,0.000000
0.000000,0.000004,0.000008,0.000013,0.000018,0.000024,0.000031,0.000040,0.000050,0.000062,0.000076,0.000093,0.000113,0.000136,0.000163,0.000195,0.000231,0.000273,0.000321,0.000376,0.000438,0.000507,0.000584,0.000669,0.000763,0.000866,0.000978,0.001099,0.001229,0.001366,0.001512,0.001664,0.001823,0.001987,0.002155,0.002325,0.002495,0.002665,0.002832,0.002994,0.003150,0.003297,0.003433,0.003557,0.003667,0.003761,0.003838,0.003896,0.003936,0.003956,0.003956,0.003936,0.003896,0.003838,0.003761,0.003667,0.003557,0.003433,0.003297,0.003150,0.002994,0.002832,0.002665,0.002495,0.002325,0.002155,0.001987,0.001823,0.001664,0.001512,0.001366,0.001229,0.001099,0.000978,0.000866,0.000763,0.000669,0.000584,0.000507,0.000438,0.000376,0.000321,0.000273,0.000231,0.000195,0.000163,0.000136,0.000113,0.000093,0.000076,0.000062,0.000050,0.000040,0.000031,0.000024,0.000018,0.000013,0.000008,0.000004,0.000000
0.000000,0.000005,0.000011,0.000016,0.000023,0.000031,0.000040,0.000051,0.000063,0.000078,0.000096,0.000118,0.000143,0.000172,0.000207,0.000247,0.000293,0.000347,0.000408,0.000477,0.000555,0.000643,0.000740,0.000849,0.000968,0.001099,0.001241,0.001394,0.001558,0.001732,0.001917,0.002111,0.002312,0.002520,0.002732,0.002948,0.003164,0.003380,0.003591,0.003797,0.003994,0.004180,0.004353,0.004510,0.004649,0.004768,0.004866,0.004941,0.004991,0.005016,0.005016,0.004991,0.004941,0.004866,0.004768,0.004649,0.004510,0.004353,0.004180,0.003994,0.003797,0.003591,0.003380,0.003164,0.002948,0.002732,0.002520,0.002312,0.002111,0.001917,0.001732,0.001558,0.001394,0.001241,0.001099,0.000968,0.000849,0.000740,0.000643,0.000555,0.000477,0.000408,0.000347,0.000293,0.000247,0.000207,0.000172,0.000143,0.000118,0.000096,0.000078,0.000063,0.000051,0.000040,0.000031,0.000023,0.000016,0.000011,0.000005,0.000000
0.000000,0.000006,0.000013,0.000021,0.000029,0.000039,0.000050,0.000063,0.000079,0.000098,0.000121,0.000147,0.000179,0.000216,0.000259,0.000309,0.000367,0.000434,0.000510,0.000597,0.000694,0.000804,0.000927,0.001062,0.001211,0.001375,0.001552,0.001744,0.001949,0.002168,0.002399,0.002641,0.002893,0.003153,0.003419,0.003688,0.003959,0.004229,0.004493,0.004751,0.004998,0.005231,0.005447,0.005643,0.005817,0.005967,0.006089,0.006182,0.006245,0.006276,0.006276,0.006245,0.006182,0.006089,0.005967,0.005817,0.005643,0.005447,0.005231,0.004998,0.004751,0.004493,0.004229,0.003959,0.003688,0.003419,0.003153,0.002893,0.002641,0.002399,0.002168,0.001949,0.001744,0.001552,0.001375,0.001211,0.001062,0.000927,0.000804,0.000694,0.000597,0.000510,0.000434,0.000367,0.000309,0.000259,0.000216,0.000179,0.000147,0.000121,0.000098,0.000079,0.000063,0.000050,0.000039,0.000029,0.000021,0.000013,0.000006,0.000000
0.000000,0.000008,0.000016,0.000026,0.000036,0.000048,0.000062,0.000078,0.000098,0.000122,0.000149,0.000182,0.000221,0.000267,0.000321,0.000383,0.000455,0.000538,0.000632,0.000739,0.000860,0.000996,0.001148,0.001316,0.001501,0.001703,0.001923,0.002161,0.002415,0.002686,0.002972,0.003272,0.003584,0.003906,0.004236,0.004570,0.004905,0.005239,0.005567,0.005886,0.006192,0.006480,0.006748,0.006991,0.007207,0.007392,0.007543,0.007659,0.007737,0.007776,0.007776,0.007737,0.007659,0.007543,0.007392,0.007207,0.006991,0.006748,0.006480,0.006192,0.005886,0.005567,0.005239,0.004905,0.004570,0.004236,0.003906,0.003584,0.003272,0.002972,0.002686,0.002415,0.002161,0.001923,0.001703,0.001501,0.001316,0.001148,0.000996,0.000860,0.000739,0.000632,0.000538,0.000455,0.000383,0.000321,0.000267,0.000221,0.000182,0.000149,0.000122,0.000098,0.000078,0.000062,0.000048,0.000036,0.000026,0.000016,0.000008,0.000000
0.000000,0.000010,0.000020,0.000031,0.000044,0.000059,0.000076,0.000096,0.000121,0.000149,0.000184,0.000224,0.000272,0.000329,0.000394,0.000471,0.000559,0.000661,0.000777,0.000909,0.001058,0.001225,0.001411,0.001618,0.001845,0.002094,0.002364,0.002656,0.002969,0.003301,0.003653,0.004022,0.004405,0.004801,0.005206,0.005617,0.006029,0.006439,0.006843,0.007234,0.007610,0.007965,0.008294,0.008593,0.008858,0.009085,0.009271,0.009413,0.009509,0.009557,0.009557,0.009509,0.009413,0.009271,0.009085,0.008858,0.008593,0.008294,0.007965,0.007610,0.007234,0.006843,0.006439,0.006029,0.005617,0.005206,0.004801,0.004405,0.004022,0.003653,0.003301,0.002969,0.002656,0.002364,0.002094,0.001845,0.001618,0.001411,0.001225,0.001058,0.000909,0.000777,0.000661,0.000559,0.000471,0.000394,0.000329,0.000272,0.000224,0.000184,0.000149,0.000121,0.000096,0.000076,0.000059,0.000044,0.000031,0.000020,0.000010,0.000000
0.000000,0.000012,0.000025,0.000038,0.000054,0.000072,0.000093,0.000118,0.000147,0.000182,0.000224,0.000274,0.000332,0.000401,0.000481,0.000575,0.000683,0.000807,0.000949,0.001110,0.001291,0.001495,0.001723,0.001975,0.002253,0.002556,0.002886,0.003243,0.003624,0.004031,0.004460,0.004910,0.005378,0.005861,0.006356,0.006857,0.007361,0.007861,0.008354,0.008832,0.009290,0.009723,0.010125,0.010491,0.010814,0.011091,0.011318,0.011491,0.011608,0.011667,0.011667,0.011608,0.011491,0.011318,0.011091,0.010814,0.010491,0.010125,0.009723,0.009290,0.008832,0.008354,0.007861,0.007361,0.006857,0.006356,0.005861,0.005378,0.004910,0.004460,0.004031,0.003624,0.003243,0.002886,0.002556,0.002253,0.001975,0.001723,0.001495,0.001291,0.001110,0.000949,0.000807,0.000683,0.000575,0.000481,0.000401,0.000332,0.000274,0.000224,0.000182,0.000147,0.000118,0.000093,0.000072,0.000054,0.000038,0.000025,0.000012,0.000000
0.000000,0.000015,0.000030,0.000047,0.000065,0.000087,0.000113,0.000143,0.000179,0.000221,0.000272,0.000332,0.000403,0.000487,0.000584,0.000698,0.000829,0.000979,0.001151,0.001347,0.001567,0.001815,0.002091,0.002397,0.002734,0.003102,0.003503,0.003935,0.004398,0.004891,0.005412,0.005958,0.006526,0.007112,0.007712,0.008321,0.008931,0.009539,0.010136,0.010717,0.011273,0.011798,0.012286,0.012729,0.013122,0.013458,0.013733,0.013944,0.014085,0.014157,0.014157,0.014085,0.013944,0.013733,0.013458,0.013122,0.012729,0.012286,0.011798,0.011273,0.010717,0.010136,0.009539,0.008931,0.008321,0.007712,0.007112,0.006526,0.005958,0.005412,0.004891,0.004398,0.003935,0.003503,0.003102,0.002734,0.002397,0.002091,0.001815,0.001567,0.001347,0.001151,0.000979,0.000829,0.000698,0.000584,0.000487,0.000403,0.000332,0.000272,0.000221,0.000179,0.000143,0.000113,0.000087,0.000065,0.000047,0.000030,0.000015,0.000000
0.000000,0.000018,0.000036,0.000056,0.000079,0.000105,0.000136,0.000172,0.000216,0.000267,0.000329,0.000401,0.000487,0.000587,0.000705,0.000842,0.001000,0.001182,0.001389,0.001625,0.001891,0.002190,0.002523,0.002892,0.003299,0.003743,0.004226,0.004748,0.005307,0.005901,0.006530,0.007189,0.007874,0.008582,0.009305,0.010039,0.010776,0.011509,0.012230,0.012930,0.013601,0.014235,0.014823,0.015358,0.015832,0.016237,0.016570,0.016823,0.016994,0.017081,0.017081,0.016994,0.016823,0.016570,0.016237,0.015832,0.015358,0.014823,0.014235,0.013601,0.012930,0.012230,0.011509,0.010776,0.010039,0.009305,0.008582,0.007874,0.007189,0.006530,0.005901,0.005307,0.004748,0.004226,0.003743,0.003299,0.002892,0.002523,0.002190,0.001891,0.001625,0.001389,0.001182,0.001000,0.000842,0.000705,0.000587,0.000487,0.000401,0.000329,0.000267,0.000216,0.000172,0.000136,0.000105,0.000079,0.000056,0.000036,0.000018,0.000000
0.000000,0.000021,0.000043,0.000067,0.000095,0.000126,0.000163,0.000207,0.000259,0.000321,0.000394,0.000481,0.000584,0.000705,0.000846,0.001010,0.001200,0.001418,0.001667,0.001950,0.002270,0.002628,0.003028,0.003471,0.003959,0.004492,0.005072,0.005698,0.006368,0.007082,0.007836,0.008627,0.009450,0.010298,0.011167,0.012047,0.012932,0.013811,0.014676,0.015516,0.016322,0.017082,0.017788,0.018430,0.018998,0.019485,0.019884,0.020188,0.020393,0.020497,0.020497,0.020393,0.020188,0.019884,0.019485,0.018998,0.018430,0.017788,0.017082,0.016322,0.015516,0.014676,0.013811,0.012932,0.012047,0.011167,0.010298,0.009450,0.008627,0.007836,0.007082,0.006368,0.005698,0.005072,0.004492,0.003959,0.003471,0.003028,0.002628,0.002270,0.001950,0.001667,0.001418,0.001200,0.001010,0.000846,0.000705,0.000584,0.000481,0.000394,0.000321,0.000259,0.000207,0.000163,0.000126,0.000095,0.000067,0.000043,0.000021,0.000000
0.000000,0.000025,0.000052,0.000081,0.000113,0.000151,0.000195,0.000247,0.000309,0.000383,0.000471,0.000575,0.000698,0.000842,0.001010,0.001206,0.001433,0.001693,0.001990,0.002328,0.002710,0.003138,0.003615,0.004144,0.004726,0.005363,0.006055,0.006802,0.007602,0.008455,0.009355,0.010299,0.011280,0.012294,0.013330,0.014381,0.015437,0.016487,0.017519,0.018522,0.019483,0.020391,0.021234,0.022000,0.022678,0.023259,0.023735,0.024098,0.024343,0.024467,0.024467,0.024343,0.024098,0.023735,0.023259,0.022678,0.022000,0.021234,0.020391,0.019483,0.018522,0.017519,0.016487,0.015437,0.014381,0.013330,0.012294,0.011280,0.010299,0.009355,0.008455,0.007602,0.006802,0.006055,0.005363,0.004726,0.004144,0.003615,0.003138,0.002710,0.002328,0.001990,0.001693,0.001433,0.001206,0.001010,0.000842,0.000698,0.000575,0.000471,0.000383,0.000309,0.000247,0.000195,0.000151,0.000113,0.000081,0.000052,0.000025,0.000000
0.000000,0.000030,0.000061,0.000096,0.000134,0.000179,0.000231,0.000293,0.000367,0.000455,0.000559,0.000683,0.000829,0.001000,0.001200,0.001433,0.001702,0.002011,0.002364,0.002765,0.003218,0.003726,0.004293,0.004921,0.005613,0.006369,0.007191,0.008078,0.009029,0.010041,0.011110,0.012230,0.013396,0.014600,0.015831,0.017079,0.018333,0.019579,0.020805,0.021996,0.023138,0.024216,0.025216,0.026126,0.026931,0.027621,0.028186,0.028617,0.028909,0.029055,0.029055,0.028909,0.028617,0.028186,0.027621,0.026931,0.026126,0.025216,0.024216,0.023138,0.021996,0.020805,0.019579,0.018333,0.017079,0.015831,0.014600,0.013396,0.012230,0.011110,0.010041,0.009029,0.008078,0.007191,0.006369,0.005613,0.004921,0.004293,0.003726,0.003218,0.002765,0.002364,0.002011,0.001702,0.001433,0.001200,0.001000,0.000829,0.000683,0.000559,0.000455,0.000367,0.000293,0.000231,0.000179,0.000134,0.000096,0.000061,0.000030,0.000000
0.000000,0.000035,0.000073,0.000113,0.000159,0.000211,0.000273,0.000347,0.000434,0.000538,0.000661,0.000807,0.000979,0.001182,0.001418,0.001693,0.002011,0.002376,0.002793,0.003267,0.003803,0.004403,0.005073,0.005815,0.006632,0.007525,0.008496,0.009545,0.010668,0.011863,0.013126,0.014451,0.015828,0.017250,0.018704,0.020179,0.021660,0.023133,0.024581,0.025988,0.027337,0.028611,0.029793,0.030867,0.031819,0.032634,0.033301,0.033811,0.034155,0.034328,0.034328,0.034155,0.033811,0.033301,0.032634,0.031819,0.030867,0.029793,0.028611,0.027337,0.025988,0.024581,0.023133,0.021660,0.020179,0.018704,0.017250,0.015828,0.014451,0.013126,0.011863,0.010668,0.009545,0.008496,0.007525,0.006632,0.005815,0.005073,0.004403,0.003803,0.003267,0.002793,0.002376,0.002011,0.001693,0.001418,0.001182,0.000979,0.000807,0.000661,0.000538,0.000434,0.000347,0.000273,0.000211,0.000159,0.000113,0.000073,0.000035,0.000000
0.000000,0.000042,0.000085,0.000133,0.000187,0.000249,0.000321,0.000408,0.000510,0.000632,0.000777,0.000949,0.001151,0.001389,0.001667,0.001990,0.002364,0.002793,0.003284,0.003841,0.004470,0.005176,0.005963,0.006836,0.007796,0.008847,0.009988,0.011220,0.012541,0.013946,0.015430,0.016987,0.018606,0.020277,0.021987,0.023720,0.025461,0.027192,0.028895,0.030549,0.032134,0.033631,0.035021,0.036283,0.037402,0.038360,0.039145,0.039744,0.040148,0.040352,0.040352,0.040148,0.039744,0.039145,0.038360,0.037402,0.036283,0.035021,0.033631,0.032134,0.030549,0.028895,0.027192,0.025461,0.023720,0.021987,0.020277,0.018606,0.016987,0.015430,0.013946,0.012541,0.011220,0.009988,0.008847,0.007796,0.006836,0.005963,0.005176,0.004470,0.003841,0.003284,0.002793,0.002364,0.001990,0.001667,0.001389,0.001151,0.000949,0.000777,0.000632,0.000510,0.000408,0.000321,0.000249,0.000187,0.000133,0.000085,0.000042,0.000000
0.000000,0.000049,0.000100,0.000155,0.000218,0.000291,0.000376,0.000477,0.000597,0.000739,0.000909,0.001110,0.001347,0.001625,0.001950,0.002328,0.002765,0.003267,0.003841,0.004493,0.005229,0.006054,0.006975,0.007995,0.009118,0.010347,0.011682,0.013123,0.014668,0.016311,0.018047,0.019868,0.021762,0.023716,0.025715,0.027742,0.029779,0.031803,0.033794,0.035728,0.037582,0.039333,0.040958,0.042435,0.043743,0.044864,0.045781,0.046482,0.046954,0.047193,0.047193,0.046954,0.046482,0.045781,0.044864,0.043743,0.042435,0.040958,0.039333,0.037582,0.035728,0.033794,0.031803,0.029779,0.027742,0.025715,0.023716,0.021762,0.019868,0.018047,0.016311,0.014668,0.013123,0.011682,0.010347,0.009118,0.007995,0.006975,0.006054,0.005229,0.004493,0.003841,0.003267,0.002765,0.002328,0.001950,0.001625,0.001347,0.001110,0.000909,0.000739,0.000597,0.000477,0.000376,0.000291,0.000218,0.000155,0.000100,0.000049,0.000000
0.000000,0.000057,0.000116,0.000181,0.000254,0.000339,0.000438,0.000555,0.000694,0.000860,0.001058,0.001291,0.001567,0.001891,0.002270,0.002710,0.003218,0.003803,0.004470,0.005229,0.006085,0.007046,0.008117,0.009304,0.010611,0.012041,0.013595,0.015271,0.017069,0.018981,0.021001,0.023120,0.025323,0.027597,0.029924,0.032283,0.034652,0.037008,0.039324,0.041575,0.043732,0.045770,0.047661,0.049379,0.050901,0.052205,0.053273,0.054088,0.054638,0.054915,0.054915,0.054638,0.054088,0.053273,0.052205,0.050901,0.049379,0.047661,0.045770,0.043732,0.041575,0.039324,0.037008,0.034652,0.032283,0.029924,0.027597,0.025323,0.023120,0.021001,0.018981,0.017069,0.015271,0.013595,0.012041,0.010611,0.009304,0.008117,0.007046,0.006085,0.005229,0.004470,0.003803,0.003218,0.002710,0.002270,0.001891,0.001567,0.001291,0.001058,0.000860,0.000694,0.000555,0.000438,0.000339,0.000254,0.000181,0.000116,0.000057,0.000000
0.000000,0.000066,0.000134,0.000210,0.000294,0.000392,0.000507,0.000643,0.000804,0.000996,0.001225,0.001495,0.001815,0.002190,0.002628,0.003138,0.003726,0.004403,0.005176,0.006054,0.007046,0.008158,0.009399,0.010773,0.012286,0.013942,0.015741,0.017682,0.019763,0.021977,0.024316,0.026768,0.029320,0.031952,0.034646,0.037377,0.040120,0.042847,0.045529,0.048135,0.050633,0.052991,0.055180,0.057170,0.058932,0.060442,0.061678,0.062621,0.063258,0.063579,0.063579,0.063258,0.062621,0.061678,0.060442,0.058932,0.057170,0.055180,0.052991,0.050633,0.048135,0.045529,0.042847,0.040120,0.037377,0.034646,0.031952,0.029320,0.026768,0.024316,0.021977,0.019763,0.017682,0.015741,0.013942,0.012286,0.010773,0.009399,0.008158,0.007046,0.006054,0.005176,0.004403,0.003726,0.003138,0.002628,0.002190,0.001815,0.001495,0.001225,0.000996,0.000804,0.000643,0.000507,0.000392,0.000294,0.000210,0.000134,0.000066,0.000000
0.000000,0.000076,0.000155,0.000241,0.000339,0.000452,0.000584,0.000740,0.000927,0.001148,0.001411,0.001723,0.002091,0.002523,0.003028,0.003615,0.004293,0.005073,0.005963,0.006975,0.008117,0.009399,0.010828,0.012411,0.014154,0.016061,0.018133,0.020370,0.022766,0.025317,0.028012,0.030837,0.033776,0.036808,0.039911,0.043057,0.046217,0.049358,0.052448,0.055449,0.058326,0.061043,0.063565,0.065856,0.067886,0.069626,0.071049,0.072136,0.072869,0.073239,0.073239,0.072869,0.072136,0.071049,0.069626,0.067886,0.065856,0.063565,0.061043,0.058326,0.055449,0.052448,0.049358,0.046217,0.043057,0.039911,0.036808,0.033776,0.030837,0.028012,0.025317,0.022766,0.020370,0.018133,0.016061,0.014154,0.012411,0.010828,0.009399,0.008117,0.006975,0.005963,0.005073,0.004293,0.003615,0.003028,0.002523,0.002091,0.001723,0.001411,0.001148,0.000927,0.000740,0.000584,0.000452,0.000339,0.000241,0.000155,0.000076,0.000000
0.000000,0.000087,0.000178,0.000277,0.000389,0.000518,0.000669,0.000849,0.001062,0.001316,0.001618,0.001975,0.002397,0.002892,0.003471,0.004144,0.004921,0.005815,0.006836,0.007995,0.009304,0.010773,0.012411,0.014226,0.016224,0.018410,0.020785,0.023348,0.026095,0.029018,0.032107,0.035345,0.038713,0.042189,0.045745,0.049351,0.052972,0.056573,0.060113,0.063553,0.066851,0.069965,0.072855,0.075481,0.077808,0.079801,0.081432,0.082678,0.083519,0.083942,0.083942,0.083519,0.082678,0.081432,0.079801,0.077808,0.075481,0.072855,0.069965,0.066851,0.063553,0.060113,0.056573,0.052972,0.049351,0.045745,0.042189,0.038713,0.035345,0.032107,0.029018,0.026095,0.023348,0.020785,0.018410,0.016224,0.014226,0.012411,0.010773,0.009304,0.007995,0.006836,0.005815,0.004921,0.004144,0.003471,0.002892,0.002397,0.001975,0.001618,0.001316,0.001062,0.000849,0.000669,0.000518,0.000389,0.000277,0.000178,0.000087,0.000000
0.000000,0.000099,0.000203,0.000316,0.000443,0.000591,0.000763,0.000968,0.001211,0.001501,0.001845,0.002253,0.002734,0.003299,0.003959,0.004726,0.005613,0.006632,0.007796,0.009118,0.010611,0.012286,0.014154,0.016224,0.018503,0.020995,0.023704,0.026627,0.029760,0.033093,0.036615,0.040308,0.044149,0.048113,0.052168,0.056280,0.060410,0.064515,0.068553,0.072475,0.076236,0.079787,0.083082,0.086077,0.088730,0.091003,0.092864,0.094284,0.095243,0.095726,0.095726,0.095243,0.094284,0.092864,0.091003,0.088730,0.086077,0.083082,0.079787,0.076236,0.072475,0.068553,0.064515,0.060410,0.056280,0.052168,0.048113,0.044149,0.040308,0.036615,0.033093,0.029760,0.026627,0.023704,0.020995,0.018503,0.016224,0.014154,0.012286,0.010611,0.009118,0.007796,0.006632,0.005613,0.004726,0.003959,0.003299,0.002734,0.002253,0.001845,0.001501,0.001211,0.000968,0.000763,0.000591,0.000443,0.000316,0.000203,0.000099,0.000000
0.000000,0.000112,0.000230,0.000358,0.000503,0.000670,0.000866,0.001099,0.001375,0.001703,0.002094,0.002556,0.003102,0.003743,0.004492,0.005363,0.006369,0.007525,0.008847,0.010347,0.012041,0.013942,0.016061,0.018410,0.020995,0.023824,0.026897,0.030213,0.033768,0.037551,0.041547,0.045736,0.050095,0.054592,0.059193,0.063859,0.068544,0.073203,0.077784,0.082234,0.086501,0.090530,0.094269,0.097667,0.100677,0.103256,0.105367,0.106978,0.108066,0.108614,0.108614,0.108066,0.106978,0.105367,0.103256,0.100677,0.097667,0.094269,0.090530,0.086501,0.082234,0.077784,0.073203,0.068544,0.063859,0.059193,0.054592,0.050095,0.045736,0.041547,0.037551,0.033768,0.030213,0.026897,0.023824,0.020995,0.018410,0.016061,0.013942,0.012041,0.010347,0.008847,0.007525,0.006369,0.005363,0.004492,0.003743,0.003102,0.002556,0.002094,0.001703,0.001375,0.001099,0.000866,0.000670,0.000503,0.000358,0.000230,0.000112,0.000000
0.000000,0.000127,0.000260,0.000405,0.000568,0.000757,0.000978,0.001241,0.001552,0.001923,0.002364,0.002886,0.003503,0.004226,0.005072,0.006055,0.007191,0.008496,0.009988,0.011682,0.013595,0.015741,0.018133,0.020785,0.023704,0.026897,0.030366,0.034110,0.038123,0.042394,0.046905,0.051635,0.056555,0.061632,0.066826,0.072093,0.077383,0.082642,0.087813,0.092837,0.097654,0.102203,0.106423,0.110259,0.113657,0.116569,0.118952,0.120771,0.121999,0.122617,0.122617,0.121999,0.120771,0.118952,0.116569,0.113657,0.110259,0.106423,0.102203,0.097654,0.092837,0.087813,0.082642,0.077383,0.072093,0.066826,0.061632,0.056555,0.051635,0.046905,0.042394,0.038123,0.034110,0.030366,0.026897,0.023704,0.020785,0.018133,0.015741,0.013595,0.011682,0.009988,0.008496,0.007191,0.006055,0.005072,0.004226,0.003503,0.002886,0.002364,0.001923,0.001552,0.001241,0.000978,0.000757,0.000568,0.000405,0.000260,0.000127,0.000000
0.000000,0.000143,0.000292,0.000455,0.000638,0.000850,0.001099,0.001394,0.001744,0.002161,0.002656,0.003243,0.003935,0.004748,0.005698,0.006802,0.008078,0.009545,0.011220,0.013123,0.015271,0.017682,0.020370,0.023348,0.026627,0.030213,0.034110,0.038316,0.042823,0.047620,0.052687,0.058000,0.063527,0.069230,0.075064,0.080980,0.086921,0.092828,0.098637,0.104280,0.109690,0.114799,0.119540,0.123849,0.127665,0.130935,0.133612,0.135655,0.137034,0.137729,0.137729,0.137034,0.135655,0.133612,0.130935,0.127665,0.123849,0.119540,0.114799,0.109690,0.104280,0.098637,0.092828,0.086921,0.080980,0.075064,0.069230,0.063527,0.058000,0.052687,0.047620,0.042823,0.038316,0.034110,0.030213,0.026627,0.023348,0.020370,0.017682,0.015271,0.013123,0.011220,0.009545,0.008078,0.006802,0.005698,0.004748,0.003935,0.003243,0.002656,0.002161,0.001744,0.001394,0.001099,0.000850,0.000638,0.000455,0.000292,0.000143,0.000000
0.000000,0.000159,0.000326,0.000508,0.000713,0.000950,0.001229,0.001558,0.001949,0.002415,0.002969,0.003624,0.004398,0.005307,0.006368,0.007602,0.009029,0.010668,0.012541,0.014668,0.017069,0.019763,0.022766,0.026095,0.029760,0.033768,0.038123,0.042823,0.047861,0.053222,0.058885,0.064822,0.070999,0.077372,0.083893,0.090504,0.097144,0.103745,0.110237,0.116544,0.122590,0.128299,0.133598,0.138413,0.142678,0.146332,0.149323,0.151607,0.153148,0.153925,0.153925,0.153148,0.151607,0.149323,0.146332,0.142678,0.138413,0.133598,0.128299,0.122590,0.116544,0.110237,0.103745,0.097144,0.090504,0.083893,0.077372,0.070999,0.064822,0.058885,0.053222,0.047861,0.042823,0.038123,0.033768,0.029760,0.026095,0.022766,0.019763,0.017069,0.014668,0.012541,0.010668,0.009029,0.007602,0.006368,0.005307,0.004398,0.003624,0.002969,0.002415,0.001949,0.001558,0.001229,0.000950,0.000713,0.000508,0.000326,0.000159,0.000000
0.000000,0.000177,0.000363,0.000565,0.000793,0.001057,0.001366,0.001732,0.002168,0.002686,0.003301,0.004031,0.004891,0.005901,0.007082,0.008455,0.010041,0.011863,0.013946,0.016311,0.018981,0.021977,0.025317,0.029018,0.033093,0.037551,0.042394,0.047620,0.053222,0.059183,0.065480,0.072082,0.078950,0.086037,0.093287,0.100639,0.108022,0.115363,0.122581,0.129594,0.136317,0.142665,0.148556,0.153910,0.158653,0.162717,0.166042,0.168581,0.170295,0.171159,0.171159,0.170295,0.168581,0.166042,0.162717,0.158653,0.153910,0.148556,0.142665,0.136317,0.129594,0.122581,0.115363,0.108022,0.100639,0.093287,0.086037,0.078950,0.072082,0.065480,0.059183,0.053222,0.047620,0.042394,0.037551,0.033093,0.029018,0.025317,0.021977,0.018981,0.016311,0.013946,0.011863,0.010041,0.008455,0.007082,0.005901,0.004891,0.004031,0.003301,0.002686,0.002168,0.001732,0.001366,0.001057,0.000793,0.000565,0.000363,0.000177,0.000000
0.000000,0.000196,0.000401,0.000625,0.000878,0.001170,0.001512,0.001917,0.002399,0.002972,0.003653,0.004460,0.005412,0.006530,0.007836,0.009355,0.011110,0.013126,0.015430,0.018047,0.021001,0.024316,0.028012,0.032107,0.036615,0.041547,0.046905,0.052687,0.058885,0.065480,0.072447,0.079752,0.087350,0.095191,0.103212,0.111345,0.119514,0.127635,0.135620,0.143379,0.150817,0.157841,0.164358,0.170281,0.175528,0.180024,0.183704,0.186512,0.188409,0.189364,0.189364,0.188409,0.186512,0.183704,0.180024,0.175528,0.170281,0.164358,0.157841,0.150817,0.143379,0.135620,0.127635,0.119514,0.111345,0.103212,0.095191,0.087350,0.079752,0.072447,0.065480,0.058885,0.052687,0.046905,0.041547,0.036615,0.032107,0.028012,0.024316,0.021001,0.018047,0.015430,0.013126,0.011110,0.009355,0.007836,0.006530,0.005412,0.004460,0.003653,0.002972,0.002399,0.001917,0.001512,0.001170,0.000878,0.000625,0.000401,0.000196,0.000000
0.000000,0.000216,0.000442,0.000688,0.000966,0.001288,0.001664,0.002111,0.002641,0.003272,0.004022,0.004910,0.005958,0.007189,0.008627,0.010299,0.012230,0.014451,0.016987,0.019868,0.023120,0.026768,0.030837,0.035345,0.040308,0.045736,0.051635,0.058000,0.064822,0.072082,0.079752,0.087792,0.096157,0.104787,0.113617,0.122570,0.131562,0.140501,0.149291,0.157832,0.166019,0.173751,0.180925,0.187445,0.193221,0.198169,0.202220,0.205311,0.207399,0.208451,0.208451,0.207399,0.205311,0.202220,0.198169,0.193221,0.187445,0.180925,0.173751,0.166019,0.157832,0.149291,0.140501,0.131562,0.122570,0.113617,0.104787,0.096157,0.087792,0.079752,0.072082,0.064822,0.058000,0.051635,0.045736,0.040308,0.035345,0.030837,0.026768,0.023120,0.019868,0.016987,0.014451,0.012230,0.010299,0.008627,0.007189,0.005958,0.004910,0.004022,0.003272,0.002641,0.002111,0.001664,0.001288,0.000966,0.000688,0.000442,0.000216,0.000000
0.000000,0.000236,0.000484,0.000754,0.001059,0.001410,0.001823,0.002312,0.002893,0.003584,0.004405,0.005378,0.006526,0.007874,0.009450,0.011280,0.013396,0.015828,0.018606,0.021762,0.025323,0.029320,0.033776,0.038713,0.044149,0.050095,0.056555,0.063527,0.070999,0.078950,0.087350,0.096157,0.105318,0.114770,0.124441,0.134246,0.144094,0.153885,0.163513,0.172866,0.181833,0.190301,0.198158,0.205299,0.211625,0.217045,0.221481,0.224867,0.227153,0.228305,0.228305,0.227153,0.224867,0.221481,0.217045,0.211625,0.205299,0.198158,0.190301,0.181833,0.172866,0.163513,0.153885,0.144094,0.134246,0.124441,0.114770,0.105318,0.096157,0.087350,0.078950,0.070999,0.063527,0.056555,0.050095,0.044149,0.038713,0.033776,0.029320,0.025323,0.021762,0.018606,0.015828,0.013396,0.011280,0.009450,0.007874,0.006526,0.005378,0.004405,0.003584,0.002893,0.002312,0.001823,0.001410,0.001059,0.000754,0.000484,0.000236,0.000000
0.000000,0.000258,0.000527,0.000822,0.001154,0.001537,0.001987,0.002520,0.003153,0.003906,0.004801,0.005861,0.007112,0.008582,0.010298,0.012294,0.014600,0.017250,0.020277,0.023716,0.027597,0.031952,0.036808,0.042189,0.048113,0.054592,0.061632,0.069230,0.077372,0.086037,0.095191,0.104787,0.114770,0.125071,0.135609,0.146294,0.157026,0.167695,0.178186,0.188379,0.198150,0.207378,0.215940,0.223722,0.230615,0.236521,0.241354,0.245044,0.247536,0.248791,0.248791,0.247536,0.245044,0.241354,0.236521,0.230615,0.223722,0.215940,0.207378,0.198150,0.188379,0.178186,0.167695,0.157026,0.146294,0.135609,0.125071,0.114770,0.104787,0.095191,0.086037,0.077372,0.069230,0.061632,0.054592,0.048113,0.042189,0.036808,0.031952,0.027597,0.023716,0.020277,0.017250,0.014600,0.012294,0.010298,0.008582,0.007112,0.005861,0.004801,0.003906,0.003153,0.002520,0.001987,0.001537,0.001154,0.000822,0.000527,0.000258,0.000000
0.000000,0.000279,0.000572,0.000891,0.001251,0.001667,0.002155,0.002732,0.003419,0.004236,0.005206,0.006356,0.007712,0.009305,0.011167,0.013330,0.015831,0.018704,0.021987,0.025715,0.029924,0.034646,0.039911,0.045745,0.052168,0.059193,0.066826,0.075064,0.083893,0.093287,0.103212,0.113617,0.124441,0.135609,0.147035,0.158620,0.170256,0.181823,0.193198,0.204249,0.214844,0.224848,0.234131,0.242568,0.250042,0.256445,0.261686,0.265687,0.268388,0.269749,0.269749,0.268388,0.265687,0.261686,0.256445,0.250042,0.242568,0.234131,0.224848,0.214844,0.204249,0.193198,0.181823,0.170256,0.158620,0.147035,0.135609,0.124441,0.113617,0.103212,0.093287,0.083893,0.075064,0.066826,0.059193,0.052168,0.045745,0.039911,0.034646,0.029924,0.025715,0.021987,0.018704,0.015831,0.013330,0.011167,0.009305,0.007712,0.006356,0.005206,0.004236,0.003419,0.002732,0.002155,0.001667,0.001251,0.000891,0.000572,0.000279,0.000000
0.000000,0.000301,0.000617,0.000962,0.001350,0.001798,0.002325,0.002948,0.003688,0.004570,0.005617,0.006857,0.008321,0.010039,0.012047,0.014381,0.017079,0.020179,0.023720,0.027742,0.032283,0.037377,0.043057,0.049351,0.056280,0.063859,0.072093,0.080980,0.090504,0.100639,0.111345,0.122570,0.134246,0.146294,0.158620,0.171118,0.183670,0.196149,0.208419,0.220341,0.231770,0.242562,0.252576,0.261678,0.269740,0.276647,0.282301,0.286617,0.289531,0.290999,0.290999,0.289531,0.286617,0.282301,0.276647,0.269740,0.261678,0.252576,0.242562,0.231770,0.220341,0.208419,0.196149,0.183670,0.171118,0.158620,0.146294,0.134246,0.122570,0.111345,0.100639,0.090504,0.080980,0.072093,0.063859,0.056280,0.049351,0.043057,0.037377,0.032283,0.027742,0.023720,0.020179,0.017079,0.014381,0.012047,0.010039,0.008321,0.006857,0.005617,0.004570,0.003688,0.002948,0.002325,0.001798,0.001350,0.000962,0.000617,0.000301,0.000000
0.000000,0.000324,0.000662,0.001032,0.001449,0.001931,0.002495,0.003164,0.003959,0.004905,0.006029,0.007361,0.008931,0.010776,0.012932,0.015437,0.018333,0.021660,0.025461,0.029779,0.034652,0.040120,0.046217,0.052972,0.060410,0.068544,0.077383,0.086921,0.097144,0.108022,0.119514,0.131562,0.144094,0.157026,0.170256,0.183670,0.197142,0.210536,0.223706,0.236502,0.248769,0.260352,0.271101,0.280870,0.289523,0.296937,0.303005,0.307637,0.310765,0.312340,0.312340,0.310765,0.307637,0.303005,0.296937,0.289523,0.280870,0.271101,0.260352,0.248769,0.236502,0.223706,0.210536,0.197142,0.183670,0.170256,0.157026,0.144094,0.131562,0.119514,0.108022,0.097144,0.086921,0.077383,0.068544,0.060410,0.052972,0.046217,0.040120,0.034652,0.029779,0.025461,0.021660,0.018333,0.015437,0.012932,0.010776,0.008931,0.007361,0.006029,0.004905,0.003959,0.003164,0.002495,0.001931,0.001449,0.001032,0.000662,0.000324,0.000000
0.000000,0.000346,0.000708,0.001102,0.001548,0.002062,0.002665,0.003380,0.004229,0.005239,0.006439,0.007861,0.009539,0.011509,0.013811,0.016487,0.019579,0.023133,0.027192,0.031803,0.037008,0.042847,0.049358,0.056573,0.064515,0.073203,0.082642,0.092828,0.103745,0.115363,0.127635,0.140501,0.153885,0.167695,0.181823,0.196149,0.210536,0.224839,0.238904,0.252569,0.265669,0.278039,0.289518,0.299950,0.309190,0.317108,0.323588,0.328535,0.331875,0.333557,0.333557,0.331875,0.328535,0.323588,0.317108,0.309190,0.299950,0.289518,0.278039,0.265669,0.252569,0.238904,0.224839,0.210536,0.196149,0.181823,0.167695,0.153885,0.140501,0.127635,0.115363,0.103745,0.092828,0.082642,0.073203,0.064515,0.056573,0.049358,0.042847,0.037008,0.031803,0.027192,0.023133,0.019579,0.016487,0.013811,0.011509,0.009539,0.007861,0.006439,0.005239,0.004229,0.003380,0.002665,0.002062,0.001548,0.001102,0.000708,0.000346,0.000000
0.000000,0.000367,0.000752,0.001171,0.001645,0.002191,0.002832,0.003591,0.004493,0.005567,0.006843,0.008354,0.010136,0.012230,0.014676,0.017519,0.020805,0.024581,0.028895,0.033794,0.039324,0.045529,0.052448,0.060113,0.068553,0.077784,0.087813,0.098637,0.110237,0.122581,0.135620,0.149291,0.163513,0.178186,0.193198,0.208419,0.223706,0.238904,0.253848,0.268368,0.282287,0.295430,0.307627,0.318711,0.328530,0.336942,0.343828,0.349084,0.352632,0.354420,0.354420,0.352632,0.349084,0.343828,0.336942,0.328530,0.318711,0.307627,0.295430,0.282287,0.268368,0.253848,0.238904,0.223706,0.208419,0.193198,0.178186,0.163513,0.149291,0.135620,0.122581,0.110237,0.098637,0.087813,0.077784,0.068553,0.060113,0.052448,0.045529,0.039324,0.033794,0.028895,0.024581,0.020805,0.017519,0.014676,0.012230,0.010136,0.008354,0.006843,0.005567,0.004493,0.003591,0.002832,0.002191,0.001645,0.001171,0.000752,0.000367,0.000000
0.000000,0.000388,0.000795,0.001239,0.001739,0.002317,0.002994,0.003797,0.004751,0.005886,0.007234,0.008832,0.010717,0.012930,0.015516,0.018522,0.021996,0.025988,0.030549,0.035728,0.041575,0.048135,0.055449,0.063553,0.072475,0.082234,0.092837,0.104280,0.116544,0.129594,0.143379,0.157832,0.172866,0.188379,0.204249,0.220341,0.236502,0.252569,0.268368,0.283717,0.298432,0.312327,0.325221,0.336939,0.347319,0.356212,0.363491,0.369048,0.372799,0.374689,0.374689,0.372799,0.369048,0.363491,0.356212,0.347319,0.336939,0.325221,0.312327,0.298432,0.283717,0.268368,0.252569,0.236502,0.220341,0.204249,0.188379,0.172866,0.157832,0.143379,0.129594,0.116544,0.104280,0.092837,0.082234,0.072475,0.063553,0.055449,0.048135,0.041575,0.035728,0.030549,0.025988,0.021996,0.018522,0.015516,0.012930,0.010717,0.008832,0.007234,0.005886,0.004751,0.003797,0.002994,0.002317,0.001739,0.001239,0.000795,0.000388,0.000000
0.000000,0.000408,0.000836,0.001303,0.001829,0.002437,0.003150,0.003994,0.004998,0.006192,0.007610,0.009290,0.011273,0.013601,0.016322,0.019483,0.023138,0.027337,0.032134,0.037582,0.043732,0.050633,0.058326,0.066851,0.076236,0.086501,0.097654,0.109690,0.122590,0.136317,0.150817,0.166019,0.181833,0.198150,0.214844,0.231770,0.248769,0.265669,0.282287,0.298432,0.313909,0.328525,0.342087,0.354413,0.365331,0.374686,0.382342,0.388187,0.392133,0.394121,0.394121,0.392133,0.388187,0.382342,0.374686,0.365331,0.354413,0.342087,0.328525,0.313909,0.298432,0.282287,0.265669,0.248769,0.231770,0.214844,0.198150,0.181833,0.166019,0.150817,0.136317,0.122590,0.109690,0.097654,0.086501,0.076236,0.066851,0.058326,0.050633,0.043732,0.037582,0.032134,0.027337,0.023138,0.019483,0.016322,0.013601,0.011273,0.009290,0.007610,0.006192,0.004998,0.003994,0.003150,0.002437,0.001829,0.001303,0.000836,0.000408,0.000000
0.000000,0.000428,0.000875,0.001364,0.001914,0.002551,0.003297,0.004180,0.005231,0.006480,0.007965,0.009723,0.011798,0.014235,0.017082,0.020391,0.024216,0.028611,0.033631,0.039333,0.045770,0.052991,0.061043,0.069965,0.079787,0.090530,0.102203,0.114799,0.128299,0.142665,0.157841,0.173751,0.190301,0.207378,0.224848,0.242562,0.260352,0.278039,0.295430,0.312327,0.328525,0.343821,0.358014,0.370914,0.382340,0.392130,0.400143,0.406259,0.410389,0.412470,0.412470,0.410389,0.406259,0.400143,0.392130,0.382340,0.370914,0.358014,0.343821,0.328525,0.312327,0.295430,0.278039,0.260352,0.242562,0.224848,0.207378,0.190301,0.173751,0.157841,0.142665,0.128299,0.114799,0.102203,0.090530,0.079787,0.069965,0.061043,0.052991,0.045770,0.039333,0.033631,0.028611,0.024216,0.020391,0.017082,0.014235,0.011798,0.009723,0.007965,0.006480,0.005231,0.004180,0.003297,0.002551,0.001914,0.001364,0.000875,0.000428,0.000000
0.000000,0.000445,0.000911,0.001420,0.001994,0.002656,0.003433,0.004353,0.005447,0.006748,0.008294,0.010125,0.012286,0.014823,0.017788,0.021234,0.025216,0.029793,0.035021,0.040958,0.047661,0.055180,0.063565,0.072855,0.083082,0.094269,0.106423,0.119540,0.133598,0.148556,0.164358,0.180925,0.198158,0.215940,0.234131,0.252576,0.271101,0.289518,0.307627,0.325221,0.342087,0.358014,0.372793,0.386225,0.398123,0.408317,0.416660,0.423029,0.427330,0.429496,0.429496,0.427330,0.423029,0.416660,0.408317,0.398123,0.386225,0.372793,0.358014,0.342087,0.325221,0.307627,0.289518,0.271101,0.252576,0.234131,0.215940,0.198158,0.180925,0.164358,0.148556,0.133598,0.119540,0.106423,0.094269,0.083082,0.072855,0.063565,0.055180,0.047661,0.040958,0.035021,0.029793,0.025216,0.021234,0.017788,0.014823,0.012286,0.010125,0.008294,0.006748,0.005447,0.004353,0.003433,0.002656,0.001994,0.001420,0.000911,0.000445,0.000000
0.000000,0.000461,0.000944,0.001471,0.002066,0.002752,0.003557,0.004510,0.005643,0.006991,0.008593,0.010491,0.012729,0.015358,0.018430,0.022000,0.026126,0.030867,0.036283,0.042435,0.049379,0.057170,0.065856,0.075481,0.086077,0.097667,0.110259,0.123849,0.138413,0.153910,0.170281,0.187445,0.205299,0.223722,0.242568,0.261678,0.280870,0.299950,0.318711,0.336939,0.354413,0.370914,0.386225,0.400141,0.412467,0.423028,0.431672,0.438271,0.442726,0.444970,0.444970,0.442726,0.438271,0.431672,0.423028,0.412467,0.400141,0.386225,0.370914,0.354413,0.336939,0.318711,0.299950,0.280870,0.261678,0.242568,0.223722,0.205299,0.187445,0.170281,0.153910,0.138413,0.123849,0.110259,0.097667,0.086077,0.075481,0.065856,0.057170,0.049379,0.042435,0.036283,0.030867,0.026126,0.022000,0.018430,0.015358,0.012729,0.010491,0.008593,0.006991,0.005643,0.004510,0.003557,0.002752,0.002066,0.001471,0.000944,0.000461,0.000000
